0.000000000000000000e+00 0.000000000000000000e+00
9.999999999990905053e-02 0.000000000000000000e+00
2.000000000000454747e-01 0.000000000000000000e+00
2.999999999999545253e-01 0.000000000000000000e+00
4.000000000000909495e-01 0.000000000000000000e+00
5.000000000000000000e-01 0.000000000000000000e+00
5.999999999999090505e-01 0.000000000000000000e+00
7.000000000000454747e-01 0.000000000000000000e+00
7.999999999999545253e-01 0.000000000000000000e+00
9.000000000000909495e-01 0.000000000000000000e+00
1.000000000000000000e+00 0.000000000000000000e+00
1.099999999999909051e+00 0.000000000000000000e+00
1.200000000000045475e+00 0.000000000000000000e+00
1.299999999999954525e+00 0.000000000000000000e+00
1.400000000000090949e+00 0.000000000000000000e+00
1.500000000000000000e+00 0.000000000000000000e+00
1.599999999999909051e+00 0.000000000000000000e+00
1.700000000000045475e+00 0.000000000000000000e+00
1.799999999999954525e+00 0.000000000000000000e+00
1.900000000000090949e+00 0.000000000000000000e+00
2.000000000000000000e+00 0.000000000000000000e+00
2.099999999999909051e+00 0.000000000000000000e+00
2.200000000000045475e+00 0.000000000000000000e+00
2.299999999999954525e+00 0.000000000000000000e+00
2.400000000000090949e+00 0.000000000000000000e+00
2.500000000000000000e+00 0.000000000000000000e+00
2.599999999999909051e+00 0.000000000000000000e+00
2.700000000000045475e+00 0.000000000000000000e+00
2.799999999999954525e+00 0.000000000000000000e+00
2.900000000000090949e+00 0.000000000000000000e+00
3.000000000000000000e+00 0.000000000000000000e+00
3.099999999999909051e+00 0.000000000000000000e+00
3.200000000000045475e+00 0.000000000000000000e+00
3.299999999999954525e+00 0.000000000000000000e+00
3.400000000000090949e+00 0.000000000000000000e+00
3.500000000000000000e+00 0.000000000000000000e+00
3.599999999999909051e+00 0.000000000000000000e+00
3.700000000000045475e+00 0.000000000000000000e+00
3.799999999999954525e+00 0.000000000000000000e+00
3.900000000000090949e+00 0.000000000000000000e+00
4.000000000000000000e+00 0.000000000000000000e+00
4.099999999999909051e+00 0.000000000000000000e+00
4.200000000000045475e+00 0.000000000000000000e+00
4.299999999999954525e+00 0.000000000000000000e+00
4.400000000000090949e+00 0.000000000000000000e+00
4.500000000000000000e+00 0.000000000000000000e+00
4.599999999999909051e+00 0.000000000000000000e+00
4.700000000000045475e+00 0.000000000000000000e+00
4.799999999999954525e+00 0.000000000000000000e+00
4.900000000000090949e+00 0.000000000000000000e+00
5.000000000000000000e+00 0.000000000000000000e+00
5.099999999999909051e+00 3.713071346282958984e-02
5.200000000000045475e+00 7.426142692565917969e-02
5.299999999999954525e+00 1.113921403884887695e-01
5.400000000000090949e+00 1.485228538513183594e-01
5.500000000000000000e+00 1.856535673141479492e-01
5.599999999999909051e+00 2.227842807769775391e-01
5.700000000000045475e+00 2.599149942398071289e-01
5.799999999999954525e+00 2.970457077026367188e-01
5.900000000000090949e+00 3.341764211654663086e-01
6.000000000000000000e+00 3.713071346282958984e-01
6.099999999999909051e+00 4.084378480911254883e-01
6.200000000000045475e+00 4.455685615539550781e-01
6.299999999999954525e+00 4.826992750167846680e-01
6.400000000000090949e+00 5.198299884796142578e-01
6.500000000000000000e+00 5.569607019424438477e-01
6.599999999999909051e+00 5.940914154052734375e-01
6.700000000000045475e+00 6.312221288681030273e-01
6.799999999999954525e+00 6.683528423309326172e-01
6.900000000000090949e+00 7.054835557937622070e-01
7.000000000000000000e+00 7.426142692565917969e-01
7.099999999999909051e+00 7.797449827194213867e-01
7.200000000000045475e+00 8.168756961822509766e-01
7.299999999999954525e+00 8.540064096450805664e-01
7.400000000000090949e+00 8.911371231079101562e-01
7.500000000000000000e+00 9.282678365707397461e-01
7.599999999999909051e+00 9.653985500335693359e-01
7.700000000000045475e+00 1.002529263496398926e+00
7.799999999999954525e+00 1.039659976959228516e+00
7.900000000000090949e+00 1.076790690422058105e+00
8.000000000000000000e+00 1.113921403884887695e+00
8.099999999999909051e+00 1.151052117347717285e+00
8.200000000000045475e+00 1.188182830810546875e+00
8.299999999999954525e+00 1.225313544273376465e+00
8.400000000000090949e+00 1.262444257736206055e+00
8.500000000000000000e+00 1.299574971199035645e+00
8.599999999999909051e+00 1.336705684661865234e+00
8.700000000000045475e+00 1.373836398124694824e+00
8.799999999999954525e+00 1.410967111587524414e+00
8.900000000000090949e+00 1.448097825050354004e+00
9.000000000000000000e+00 1.485228538513183594e+00
9.099999999999909051e+00 1.522359251976013184e+00
9.200000000000045475e+00 1.559489965438842773e+00
9.299999999999954525e+00 1.596620678901672363e+00
9.400000000000090949e+00 1.633751392364501953e+00
9.500000000000000000e+00 1.670882105827331543e+00
9.599999999999909051e+00 1.708012819290161133e+00
9.700000000000045475e+00 1.745143532752990723e+00
9.799999999999954525e+00 1.782274246215820312e+00
9.900000000000090949e+00 1.819404959678649902e+00
1.000000000000000000e+01 1.856535673141479492e+00
1.009999999999990905e+01 1.893666386604309082e+00
1.020000000000004547e+01 1.930797100067138672e+00
1.029999999999995453e+01 1.967927813529968262e+00
1.040000000000009095e+01 2.005058526992797852e+00
1.050000000000000000e+01 2.042189121246337891e+00
1.059999999999990905e+01 2.079319953918457031e+00
1.070000000000004547e+01 2.116450548171997070e+00
1.079999999999995453e+01 2.153581380844116211e+00
1.090000000000009095e+01 2.190711975097656250e+00
1.100000000000000000e+01 2.227842807769775391e+00
1.109999999999990905e+01 2.264973402023315430e+00
1.120000000000004547e+01 2.302104234695434570e+00
1.129999999999995453e+01 2.339234828948974609e+00
1.140000000000009095e+01 2.376365661621093750e+00
1.150000000000000000e+01 2.413496255874633789e+00
1.159999999999990905e+01 2.450627088546752930e+00
1.170000000000004547e+01 2.487757682800292969e+00
1.179999999999995453e+01 2.524888515472412109e+00
1.190000000000009095e+01 2.562019109725952148e+00
1.200000000000000000e+01 2.599149942398071289e+00
1.209999999999990905e+01 2.636280536651611328e+00
1.220000000000004547e+01 2.673411369323730469e+00
1.229999999999995453e+01 2.710541963577270508e+00
1.240000000000009095e+01 2.747672796249389648e+00
1.250000000000000000e+01 2.784803390502929688e+00
1.259999999999990905e+01 2.821934223175048828e+00
1.270000000000004547e+01 2.859064817428588867e+00
1.279999999999995453e+01 2.896195650100708008e+00
1.290000000000009095e+01 2.933326244354248047e+00
1.300000000000000000e+01 2.970457077026367188e+00
1.309999999999990905e+01 3.007587671279907227e+00
1.320000000000004547e+01 3.044718503952026367e+00
1.329999999999995453e+01 3.081849098205566406e+00
1.340000000000009095e+01 3.118979930877685547e+00
1.350000000000000000e+01 3.156110525131225586e+00
1.359999999999990905e+01 3.193241357803344727e+00
1.370000000000004547e+01 3.230371952056884766e+00
1.379999999999995453e+01 3.267502784729003906e+00
1.390000000000009095e+01 3.304633378982543945e+00
1.400000000000000000e+01 3.341764211654663086e+00
1.409999999999990905e+01 3.378894805908203125e+00
1.420000000000004547e+01 3.416025638580322266e+00
1.429999999999995453e+01 3.453156232833862305e+00
1.440000000000009095e+01 3.490287065505981445e+00
1.450000000000000000e+01 3.527417659759521484e+00
1.459999999999990905e+01 3.564548492431640625e+00
1.470000000000004547e+01 3.601679086685180664e+00
1.479999999999995453e+01 3.638809919357299805e+00
1.490000000000009095e+01 3.675940513610839844e+00
1.500000000000000000e+01 3.713071346282958984e+00
1.509999999999990905e+01 3.750201940536499023e+00
1.520000000000004547e+01 3.787332773208618164e+00
1.529999999999995453e+01 3.824463367462158203e+00
1.540000000000009095e+01 3.861594200134277344e+00
1.550000000000000000e+01 3.898724794387817383e+00
1.559999999999990905e+01 3.935855627059936523e+00
1.570000000000004547e+01 3.972986221313476562e+00
1.579999999999995453e+01 4.010117053985595703e+00
1.590000000000009095e+01 4.047247886657714844e+00
1.600000000000000000e+01 4.084378242492675781e+00
1.609999999999990905e+01 4.121509075164794922e+00
1.620000000000004547e+01 4.158639907836914062e+00
1.629999999999995453e+01 4.195770740509033203e+00
1.640000000000009095e+01 4.232901096343994141e+00
1.650000000000000000e+01 4.270031929016113281e+00
1.659999999999990905e+01 4.307162761688232422e+00
1.670000000000004547e+01 4.344293594360351562e+00
1.679999999999995453e+01 4.381423950195312500e+00
1.690000000000009095e+01 4.418554782867431641e+00
1.700000000000000000e+01 4.455685615539550781e+00
1.709999999999990905e+01 4.492816448211669922e+00
1.720000000000004547e+01 4.529946804046630859e+00
1.729999999999995453e+01 4.567077636718750000e+00
1.740000000000009095e+01 4.604208469390869141e+00
1.750000000000000000e+01 4.641339302062988281e+00
1.759999999999990905e+01 4.678469657897949219e+00
1.770000000000004547e+01 4.715600490570068359e+00
1.779999999999995453e+01 4.752731323242187500e+00
1.790000000000009095e+01 4.789862155914306641e+00
1.800000000000000000e+01 4.826992511749267578e+00
1.809999999999990905e+01 4.864123344421386719e+00
1.820000000000004547e+01 4.901254177093505859e+00
1.829999999999995453e+01 4.938385009765625000e+00
1.840000000000009095e+01 4.975515365600585938e+00
1.850000000000000000e+01 5.012646198272705078e+00
1.859999999999990905e+01 5.049777030944824219e+00
1.870000000000004547e+01 5.086907386779785156e+00
1.879999999999995453e+01 5.124038219451904297e+00
1.890000000000009095e+01 5.161169052124023438e+00
1.900000000000000000e+01 5.198299884796142578e+00
1.909999999999990905e+01 5.235430240631103516e+00
1.920000000000004547e+01 5.272561073303222656e+00
1.929999999999995453e+01 5.309691905975341797e+00
1.940000000000009095e+01 5.346822738647460938e+00
1.950000000000000000e+01 5.383953094482421875e+00
1.959999999999990905e+01 5.421083927154541016e+00
1.970000000000004547e+01 5.458214759826660156e+00
1.979999999999995453e+01 5.495345592498779297e+00
1.990000000000009095e+01 5.532475948333740234e+00
2.000000000000000000e+01 5.569606781005859375e+00
2.009999999999990905e+01 5.606737613677978516e+00
2.020000000000004547e+01 5.643868446350097656e+00
2.029999999999995453e+01 5.680998802185058594e+00
2.040000000000009095e+01 5.718129634857177734e+00
2.050000000000000000e+01 5.755260467529296875e+00
2.059999999999990905e+01 5.792391300201416016e+00
2.070000000000004547e+01 5.829521656036376953e+00
2.079999999999995453e+01 5.866652488708496094e+00
2.090000000000009095e+01 5.903783321380615234e+00
2.100000000000000000e+01 5.940914154052734375e+00
2.109999999999990905e+01 5.978044509887695312e+00
2.120000000000004547e+01 6.015175342559814453e+00
2.129999999999995453e+01 6.052306175231933594e+00
2.140000000000009095e+01 6.089437007904052734e+00
2.150000000000000000e+01 6.126567363739013672e+00
2.159999999999990905e+01 6.163698196411132812e+00
2.170000000000004547e+01 6.200829029083251953e+00
2.179999999999995453e+01 6.237959861755371094e+00
2.190000000000009095e+01 6.275090217590332031e+00
2.200000000000000000e+01 6.312221050262451172e+00
2.209999999999990905e+01 6.349351882934570312e+00
2.220000000000004547e+01 6.386482715606689453e+00
2.229999999999995453e+01 6.423613071441650391e+00
2.240000000000009095e+01 6.460743904113769531e+00
2.250000000000000000e+01 6.497874736785888672e+00
2.259999999999990905e+01 6.535005569458007812e+00
2.270000000000004547e+01 6.572135925292968750e+00
2.279999999999995453e+01 6.609266757965087891e+00
2.290000000000009095e+01 6.646397590637207031e+00
2.300000000000000000e+01 6.683528423309326172e+00
2.309999999999990905e+01 6.708482265472412109e+00
2.320000000000004547e+01 6.732795238494873047e+00
2.329999999999995453e+01 6.757107734680175781e+00
2.340000000000009095e+01 6.781420707702636719e+00
2.350000000000000000e+01 6.805733680725097656e+00
2.359999999999990905e+01 6.830046653747558594e+00
2.370000000000004547e+01 6.854359626770019531e+00
2.379999999999995453e+01 6.878672599792480469e+00
2.390000000000009095e+01 6.902985572814941406e+00
2.400000000000000000e+01 6.927298545837402344e+00
2.409999999999990905e+01 6.951611518859863281e+00
2.420000000000004547e+01 6.975924491882324219e+00
2.429999999999995453e+01 7.000237464904785156e+00
2.440000000000009095e+01 7.024550437927246094e+00
2.450000000000000000e+01 7.048863410949707031e+00
2.459999999999990905e+01 7.073175907135009766e+00
2.470000000000004547e+01 7.097488880157470703e+00
2.479999999999995453e+01 7.121801853179931641e+00
2.490000000000009095e+01 7.146114826202392578e+00
2.500000000000000000e+01 7.170427799224853516e+00
2.509999999999990905e+01 7.194740772247314453e+00
2.520000000000004547e+01 7.219053745269775391e+00
2.529999999999995453e+01 7.243366718292236328e+00
2.540000000000009095e+01 7.267679691314697266e+00
2.550000000000000000e+01 7.291992664337158203e+00
2.559999999999990905e+01 7.316305637359619141e+00
2.570000000000004547e+01 7.340618610382080078e+00
2.579999999999995453e+01 7.364931106567382812e+00
2.590000000000009095e+01 7.389244079589843750e+00
2.600000000000000000e+01 7.413557052612304688e+00
2.609999999999990905e+01 7.437870025634765625e+00
2.620000000000004547e+01 7.462182998657226562e+00
2.629999999999995453e+01 7.486495971679687500e+00
2.640000000000009095e+01 7.510808944702148438e+00
2.650000000000000000e+01 7.535121917724609375e+00
2.659999999999990905e+01 7.559434890747070312e+00
2.670000000000004547e+01 7.586765766143798828e+00
2.679999999999995453e+01 7.614096641540527344e+00
2.690000000000009095e+01 7.641427993774414062e+00
2.700000000000000000e+01 7.668758869171142578e+00
2.709999999999990905e+01 7.696089744567871094e+00
2.720000000000004547e+01 7.723421096801757812e+00
2.729999999999995453e+01 7.750751972198486328e+00
2.740000000000009095e+01 7.778082847595214844e+00
2.750000000000000000e+01 7.805413722991943359e+00
2.759999999999990905e+01 7.832745075225830078e+00
2.770000000000004547e+01 7.860075950622558594e+00
2.779999999999995453e+01 7.887406826019287109e+00
2.790000000000009095e+01 7.914738178253173828e+00
2.800000000000000000e+01 7.942069053649902344e+00
2.809999999999990905e+01 7.969399929046630859e+00
2.820000000000004547e+01 7.996730804443359375e+00
2.829999999999995453e+01 8.024062156677246094e+00
2.840000000000009095e+01 8.051392555236816406e+00
2.850000000000000000e+01 8.078723907470703125e+00
2.859999999999990905e+01 8.106055259704589844e+00
2.870000000000004547e+01 8.133385658264160156e+00
2.879999999999995453e+01 8.160717010498046875e+00
2.890000000000009095e+01 8.188048362731933594e+00
2.900000000000000000e+01 8.215378761291503906e+00
2.909999999999990905e+01 8.242710113525390625e+00
2.920000000000004547e+01 8.270041465759277344e+00
2.929999999999995453e+01 8.297371864318847656e+00
2.940000000000009095e+01 8.324703216552734375e+00
2.950000000000000000e+01 8.352034568786621094e+00
2.959999999999990905e+01 8.379364967346191406e+00
2.970000000000004547e+01 8.406696319580078125e+00
2.979999999999995453e+01 8.434026718139648438e+00
2.990000000000009095e+01 8.461358070373535156e+00
3.000000000000000000e+01 8.488689422607421875e+00
3.009999999999990905e+01 8.516019821166992188e+00
3.020000000000004547e+01 8.543351173400878906e+00
3.029999999999995453e+01 8.574192047119140625e+00
3.040000000000009095e+01 8.605032920837402344e+00
3.050000000000000000e+01 8.635872840881347656e+00
3.059999999999990905e+01 8.666713714599609375e+00
3.070000000000004547e+01 8.697554588317871094e+00
3.079999999999995453e+01 8.728395462036132812e+00
3.090000000000009095e+01 8.759235382080078125e+00
3.100000000000000000e+01 8.790076255798339844e+00
3.109999999999990905e+01 8.820917129516601562e+00
3.120000000000004547e+01 8.851758003234863281e+00
3.129999999999995453e+01 8.882598876953125000e+00
3.140000000000009095e+01 8.913438796997070312e+00
3.150000000000000000e+01 8.944279670715332031e+00
3.159999999999990905e+01 8.975120544433593750e+00
3.170000000000004547e+01 9.005961418151855469e+00
3.179999999999995453e+01 9.036801338195800781e+00
3.190000000000009095e+01 9.067642211914062500e+00
3.200000000000000000e+01 9.098483085632324219e+00
3.209999999999990905e+01 9.129323959350585938e+00
3.220000000000004547e+01 9.160164833068847656e+00
3.229999999999995453e+01 9.191004753112792969e+00
3.240000000000009095e+01 9.221845626831054688e+00
3.250000000000000000e+01 9.252686500549316406e+00
3.259999999999990905e+01 9.283527374267578125e+00
3.270000000000004547e+01 9.314367294311523438e+00
3.279999999999995453e+01 9.345208168029785156e+00
3.290000000000009095e+01 9.376049041748046875e+00
3.300000000000000000e+01 9.406889915466308594e+00
3.309999999999990905e+01 9.437730789184570312e+00
3.320000000000004547e+01 9.468570709228515625e+00
3.329999999999995453e+01 9.499411582946777344e+00
3.340000000000009095e+01 9.530252456665039062e+00
3.350000000000000000e+01 9.561093330383300781e+00
3.359999999999990905e+01 9.591933250427246094e+00
3.370000000000004547e+01 9.622774124145507812e+00
3.379999999999995453e+01 9.653614997863769531e+00
3.390000000000009095e+01 9.688657760620117188e+00
3.400000000000000000e+01 9.723701477050781250e+00
3.409999999999990905e+01 9.758744239807128906e+00
3.420000000000004547e+01 9.793787956237792969e+00
3.429999999999995453e+01 9.828830718994140625e+00
3.440000000000009095e+01 9.863874435424804688e+00
3.450000000000000000e+01 9.898917198181152344e+00
3.459999999999990905e+01 9.933960914611816406e+00
3.470000000000004547e+01 9.969003677368164062e+00
3.479999999999995453e+01 1.000404739379882812e+01
3.490000000000009095e+01 1.003909015655517578e+01
3.500000000000000000e+01 1.007413387298583984e+01
3.509999999999990905e+01 1.010917663574218750e+01
3.520000000000004547e+01 1.014422035217285156e+01
3.529999999999995453e+01 1.017926311492919922e+01
3.540000000000009095e+01 1.021430683135986328e+01
3.550000000000000000e+01 1.024934959411621094e+01
3.559999999999990905e+01 1.028439331054687500e+01
3.570000000000004547e+01 1.031943607330322266e+01
3.579999999999995453e+01 1.035447978973388672e+01
3.590000000000009095e+01 1.038952255249023438e+01
3.600000000000000000e+01 1.042456626892089844e+01
3.609999999999990905e+01 1.045960903167724609e+01
3.620000000000004547e+01 1.049465274810791016e+01
3.629999999999995453e+01 1.052969551086425781e+01
3.640000000000009095e+01 1.056473827362060547e+01
3.650000000000000000e+01 1.059978199005126953e+01
3.659999999999990905e+01 1.063482475280761719e+01
3.670000000000004547e+01 1.066986846923828125e+01
3.679999999999995453e+01 1.070491123199462891e+01
3.690000000000009095e+01 1.073995494842529297e+01
3.700000000000000000e+01 1.077499771118164062e+01
3.709999999999990905e+01 1.081004142761230469e+01
3.720000000000004547e+01 1.084508419036865234e+01
3.729999999999995453e+01 1.088012790679931641e+01
3.740000000000009095e+01 1.091539859771728516e+01
3.750000000000000000e+01 1.095498752593994141e+01
3.759999999999990905e+01 1.099457645416259766e+01
3.770000000000004547e+01 1.103416633605957031e+01
3.779999999999995453e+01 1.107375526428222656e+01
3.790000000000009095e+01 1.111334514617919922e+01
3.800000000000000000e+01 1.115293407440185547e+01
3.809999999999990905e+01 1.119252300262451172e+01
3.820000000000004547e+01 1.123211288452148438e+01
3.829999999999995453e+01 1.127170181274414062e+01
3.840000000000009095e+01 1.131129169464111328e+01
3.850000000000000000e+01 1.135088062286376953e+01
3.859999999999990905e+01 1.139046955108642578e+01
3.870000000000004547e+01 1.143005943298339844e+01
3.879999999999995453e+01 1.146964836120605469e+01
3.890000000000009095e+01 1.150923728942871094e+01
3.900000000000000000e+01 1.154882717132568359e+01
3.909999999999990905e+01 1.158841609954833984e+01
3.920000000000004547e+01 1.162800598144531250e+01
3.929999999999995453e+01 1.166759490966796875e+01
3.940000000000009095e+01 1.170718383789062500e+01
3.950000000000000000e+01 1.174677371978759766e+01
3.959999999999990905e+01 1.178636264801025391e+01
3.970000000000004547e+01 1.182595252990722656e+01
3.979999999999995453e+01 1.186554145812988281e+01
3.990000000000009095e+01 1.190513038635253906e+01
4.000000000000000000e+01 1.194472026824951172e+01
4.009999999999990905e+01 1.198430919647216797e+01
4.020000000000004547e+01 1.202389907836914062e+01
4.029999999999995453e+01 1.206348800659179688e+01
4.040000000000009095e+01 1.210307693481445312e+01
4.050000000000000000e+01 1.214266681671142578e+01
4.059999999999990905e+01 1.218225574493408203e+01
4.070000000000004547e+01 1.222184562683105469e+01
4.079999999999995453e+01 1.226143455505371094e+01
4.090000000000009095e+01 1.230102348327636719e+01
4.100000000000000000e+01 1.234086036682128906e+01
4.109999999999990905e+01 1.238540077209472656e+01
4.120000000000004547e+01 1.242994117736816406e+01
4.129999999999995453e+01 1.247448062896728516e+01
4.140000000000009095e+01 1.251902103424072266e+01
4.150000000000000000e+01 1.256356048583984375e+01
4.159999999999990905e+01 1.260810089111328125e+01
4.170000000000004547e+01 1.265264129638671875e+01
4.179999999999995453e+01 1.269718074798583984e+01
4.190000000000009095e+01 1.274172115325927734e+01
4.200000000000000000e+01 1.278626155853271484e+01
4.209999999999990905e+01 1.283080101013183594e+01
4.220000000000004547e+01 1.287534141540527344e+01
4.229999999999995453e+01 1.291988182067871094e+01
4.240000000000009095e+01 1.296442127227783203e+01
4.250000000000000000e+01 1.300896167755126953e+01
4.259999999999990905e+01 1.305350112915039062e+01
4.270000000000004547e+01 1.309804153442382812e+01
4.279999999999995453e+01 1.314258193969726562e+01
4.290000000000009095e+01 1.318712139129638672e+01
4.300000000000000000e+01 1.323166179656982422e+01
4.309999999999990905e+01 1.327620220184326172e+01
4.320000000000004547e+01 1.332074165344238281e+01
4.329999999999995453e+01 1.336528205871582031e+01
4.340000000000009095e+01 1.340982246398925781e+01
4.350000000000000000e+01 1.345436191558837891e+01
4.359999999999990905e+01 1.349890232086181641e+01
4.370000000000004547e+01 1.354344272613525391e+01
4.379999999999995453e+01 1.358798217773437500e+01
4.390000000000009095e+01 1.363252258300781250e+01
4.400000000000000000e+01 1.367706203460693359e+01
4.409999999999990905e+01 1.372160243988037109e+01
4.420000000000004547e+01 1.376614284515380859e+01
4.429999999999995453e+01 1.381068229675292969e+01
4.440000000000009095e+01 1.385522270202636719e+01
4.450000000000000000e+01 1.389976310729980469e+01
4.459999999999990905e+01 1.394460201263427734e+01
4.470000000000004547e+01 1.399512672424316406e+01
4.479999999999995453e+01 1.404565238952636719e+01
4.490000000000009095e+01 1.409617710113525391e+01
4.500000000000000000e+01 1.414670276641845703e+01
4.509999999999990905e+01 1.419722747802734375e+01
4.520000000000004547e+01 1.424775218963623047e+01
4.529999999999995453e+01 1.429827785491943359e+01
4.540000000000009095e+01 1.434880256652832031e+01
4.550000000000000000e+01 1.439932727813720703e+01
4.559999999999990905e+01 1.444985294342041016e+01
4.570000000000004547e+01 1.450037765502929688e+01
4.579999999999995453e+01 1.455090332031250000e+01
4.590000000000009095e+01 1.460142803192138672e+01
4.600000000000000000e+01 1.465195274353027344e+01
4.609999999999990905e+01 1.470247840881347656e+01
4.620000000000004547e+01 1.475300312042236328e+01
4.629999999999995453e+01 1.480352878570556641e+01
4.640000000000009095e+01 1.485405349731445312e+01
4.650000000000000000e+01 1.490457820892333984e+01
4.659999999999990905e+01 1.495510387420654297e+01
4.670000000000004547e+01 1.500562858581542969e+01
4.679999999999995453e+01 1.505615329742431641e+01
4.690000000000009095e+01 1.510667896270751953e+01
4.700000000000000000e+01 1.515720367431640625e+01
4.709999999999990905e+01 1.520772933959960938e+01
4.720000000000004547e+01 1.525825405120849609e+01
4.729999999999995453e+01 1.530877876281738281e+01
4.740000000000009095e+01 1.535930442810058594e+01
4.750000000000000000e+01 1.540982913970947266e+01
4.759999999999990905e+01 1.546035480499267578e+01
4.770000000000004547e+01 1.551087951660156250e+01
4.779999999999995453e+01 1.556140422821044922e+01
4.790000000000009095e+01 1.561192989349365234e+01
4.800000000000000000e+01 1.566245460510253906e+01
4.809999999999990905e+01 1.571297931671142578e+01
4.820000000000004547e+01 1.576382541656494141e+01
4.829999999999995453e+01 1.582076549530029297e+01
4.840000000000009095e+01 1.587770462036132812e+01
4.850000000000000000e+01 1.593464469909667969e+01
4.859999999999990905e+01 1.599158382415771484e+01
4.870000000000004547e+01 1.604852485656738281e+01
4.879999999999995453e+01 1.610546302795410156e+01
4.890000000000009095e+01 1.616240310668945312e+01
4.900000000000000000e+01 1.621934318542480469e+01
4.909999999999990905e+01 1.627628326416015625e+01
4.920000000000004547e+01 1.633322143554687500e+01
4.929999999999995453e+01 1.639016151428222656e+01
4.940000000000009095e+01 1.644710159301757812e+01
4.950000000000000000e+01 1.650404167175292969e+01
4.959999999999990905e+01 1.656098175048828125e+01
4.970000000000004547e+01 1.661791992187500000e+01
4.979999999999995453e+01 1.667486000061035156e+01
4.990000000000009095e+01 1.673180007934570312e+01
5.000000000000000000e+01 1.678874015808105469e+01
5.009999999999990905e+01 1.684568023681640625e+01
5.020000000000004547e+01 1.690261840820312500e+01
5.029999999999995453e+01 1.695955848693847656e+01
5.040000000000009095e+01 1.701649856567382812e+01
5.050000000000000000e+01 1.707343864440917969e+01
5.059999999999990905e+01 1.713037872314453125e+01
5.070000000000004547e+01 1.718731689453125000e+01
5.079999999999995453e+01 1.724425697326660156e+01
5.090000000000009095e+01 1.730119705200195312e+01
5.100000000000000000e+01 1.735813713073730469e+01
5.109999999999990905e+01 1.741507530212402344e+01
5.120000000000004547e+01 1.747201538085937500e+01
5.129999999999995453e+01 1.752895545959472656e+01
5.140000000000009095e+01 1.758589553833007812e+01
5.150000000000000000e+01 1.764283561706542969e+01
5.159999999999990905e+01 1.769977378845214844e+01
5.170000000000004547e+01 1.775671386718750000e+01
5.179999999999995453e+01 1.781365394592285156e+01
5.190000000000009095e+01 1.787438583374023438e+01
5.200000000000000000e+01 1.793511772155761719e+01
5.209999999999990905e+01 1.799584960937500000e+01
5.220000000000004547e+01 1.805658149719238281e+01
5.229999999999995453e+01 1.811731338500976562e+01
5.240000000000009095e+01 1.817804527282714844e+01
5.250000000000000000e+01 1.823877716064453125e+01
5.259999999999990905e+01 1.829950904846191406e+01
5.270000000000004547e+01 1.836024093627929688e+01
5.279999999999995453e+01 1.842097282409667969e+01
5.290000000000009095e+01 1.848170471191406250e+01
5.300000000000000000e+01 1.854243659973144531e+01
5.309999999999990905e+01 1.860316848754882812e+01
5.320000000000004547e+01 1.866390037536621094e+01
5.329999999999995453e+01 1.872463226318359375e+01
5.340000000000009095e+01 1.878536415100097656e+01
5.350000000000000000e+01 1.884609603881835938e+01
5.359999999999990905e+01 1.890682792663574219e+01
5.370000000000004547e+01 1.896755790710449219e+01
5.379999999999995453e+01 1.902828979492187500e+01
5.390000000000009095e+01 1.908902168273925781e+01
5.400000000000000000e+01 1.914975357055664062e+01
5.409999999999990905e+01 1.921048545837402344e+01
5.420000000000004547e+01 1.927121734619140625e+01
5.429999999999995453e+01 1.933194923400878906e+01
5.440000000000009095e+01 1.939268112182617188e+01
5.450000000000000000e+01 1.945341300964355469e+01
5.459999999999990905e+01 1.951414489746093750e+01
5.470000000000004547e+01 1.957487678527832031e+01
5.479999999999995453e+01 1.963560867309570312e+01
5.490000000000009095e+01 1.969634056091308594e+01
5.500000000000000000e+01 1.975707244873046875e+01
5.509999999999990905e+01 1.993209075927734375e+01
5.520000000000004547e+01 2.010710716247558594e+01
5.529999999999995453e+01 2.028212547302246094e+01
5.540000000000009095e+01 2.045714378356933594e+01
5.550000000000000000e+01 2.057142829895019531e+01
5.559999999999990905e+01 2.068571472167968750e+01
5.570000000000004547e+01 2.079999923706054688e+01
5.579999999999995453e+01 2.091428565979003906e+01
5.590000000000009095e+01 2.102857208251953125e+01
5.600000000000000000e+01 2.114285659790039062e+01
5.609999999999990905e+01 2.125714302062988281e+01
5.620000000000004547e+01 2.137142944335937500e+01
5.629999999999995453e+01 2.148571395874023438e+01
5.640000000000009095e+01 2.160000038146972656e+01
5.650000000000000000e+01 2.171428489685058594e+01
5.659999999999990905e+01 2.182857131958007812e+01
5.670000000000004547e+01 2.194285774230957031e+01
5.679999999999995453e+01 2.205714225769042969e+01
5.690000000000009095e+01 2.217142868041992188e+01
5.700000000000000000e+01 2.228571510314941406e+01
5.709999999999990905e+01 2.239999961853027344e+01
5.720000000000004547e+01 2.251428604125976562e+01
5.729999999999995453e+01 2.262857055664062500e+01
5.740000000000009095e+01 2.274285697937011719e+01
5.750000000000000000e+01 2.285714340209960938e+01
5.759999999999990905e+01 2.297142791748046875e+01
5.770000000000004547e+01 2.308571434020996094e+01
5.779999999999995453e+01 2.320000076293945312e+01
5.790000000000009095e+01 2.331428527832031250e+01
5.800000000000000000e+01 2.342857170104980469e+01
5.809999999999990905e+01 2.354285621643066406e+01
5.820000000000004547e+01 2.365714263916015625e+01
5.829999999999995453e+01 2.377142906188964844e+01
5.840000000000009095e+01 2.388571357727050781e+01
5.850000000000000000e+01 2.400000000000000000e+01
5.859999999999990905e+01 2.411428642272949219e+01
5.870000000000004547e+01 2.422857093811035156e+01
5.879999999999995453e+01 2.434285736083984375e+01
5.890000000000009095e+01 2.445714378356933594e+01
5.900000000000000000e+01 2.457142829895019531e+01
5.909999999999990905e+01 2.468571472167968750e+01
5.920000000000004547e+01 2.479999923706054688e+01
5.929999999999995453e+01 2.491428565979003906e+01
5.940000000000009095e+01 2.502857208251953125e+01
5.950000000000000000e+01 2.514285659790039062e+01
5.959999999999990905e+01 2.525714302062988281e+01
5.970000000000004547e+01 2.537142944335937500e+01
5.979999999999995453e+01 2.548571395874023438e+01
5.990000000000009095e+01 2.560000038146972656e+01
6.000000000000000000e+01 2.571428489685058594e+01
6.009999999999990905e+01 2.582857131958007812e+01
6.020000000000004547e+01 2.594285774230957031e+01
6.029999999999995453e+01 2.605714225769042969e+01
6.040000000000009095e+01 2.617142868041992188e+01
6.050000000000000000e+01 2.628571510314941406e+01
6.059999999999990905e+01 2.639999961853027344e+01
6.070000000000004547e+01 2.651428604125976562e+01
6.079999999999995453e+01 2.662857055664062500e+01
6.090000000000009095e+01 2.674285697937011719e+01
6.100000000000000000e+01 2.685714340209960938e+01
6.109999999999990905e+01 2.697142791748046875e+01
6.120000000000004547e+01 2.708571434020996094e+01
6.129999999999995453e+01 2.720000076293945312e+01
6.140000000000009095e+01 2.731428527832031250e+01
6.150000000000000000e+01 2.742857170104980469e+01
6.159999999999990905e+01 2.754285621643066406e+01
6.170000000000004547e+01 2.765714263916015625e+01
6.179999999999995453e+01 2.777142906188964844e+01
6.190000000000009095e+01 2.788571357727050781e+01
6.200000000000000000e+01 2.800000000000000000e+01
6.209999999999990905e+01 2.811428642272949219e+01
6.220000000000004547e+01 2.822857093811035156e+01
6.229999999999995453e+01 2.834285736083984375e+01
6.240000000000009095e+01 2.845714378356933594e+01
6.250000000000000000e+01 2.857142829895019531e+01
6.259999999999990905e+01 2.868571472167968750e+01
6.270000000000004547e+01 2.879999923706054688e+01
6.279999999999995453e+01 2.891428565979003906e+01
6.290000000000009095e+01 2.902857208251953125e+01
6.300000000000000000e+01 2.914285659790039062e+01
6.309999999999990905e+01 2.925714302062988281e+01
6.320000000000004547e+01 2.937142944335937500e+01
6.329999999999995453e+01 2.948571395874023438e+01
6.340000000000009095e+01 2.960000038146972656e+01
6.350000000000000000e+01 2.971428489685058594e+01
6.359999999999990905e+01 2.982857131958007812e+01
6.370000000000004547e+01 2.994285774230957031e+01
6.379999999999995453e+01 3.005714225769042969e+01
6.390000000000009095e+01 3.017142868041992188e+01
6.400000000000000000e+01 3.028571510314941406e+01
6.409999999999990905e+01 3.039999961853027344e+01
6.420000000000004547e+01 3.051428604125976562e+01
6.429999999999995453e+01 3.062857055664062500e+01
6.440000000000009095e+01 3.074285697937011719e+01
6.450000000000000000e+01 3.085714340209960938e+01
6.459999999999990905e+01 3.097142791748046875e+01
6.470000000000004547e+01 3.108571434020996094e+01
6.479999999999995453e+01 3.120000076293945312e+01
6.490000000000009095e+01 3.131428527832031250e+01
6.500000000000000000e+01 3.142857170104980469e+01
