0.000000000000000000e+00 0.000000000000000000e+00
9.999999999990905053e-02 0.000000000000000000e+00
2.000000000000454747e-01 0.000000000000000000e+00
2.999999999999545253e-01 0.000000000000000000e+00
4.000000000000909495e-01 0.000000000000000000e+00
5.000000000000000000e-01 0.000000000000000000e+00
5.999999999999090505e-01 0.000000000000000000e+00
7.000000000000454747e-01 0.000000000000000000e+00
7.999999999999545253e-01 0.000000000000000000e+00
9.000000000000909495e-01 0.000000000000000000e+00
1.000000000000000000e+00 0.000000000000000000e+00
1.099999999999909051e+00 0.000000000000000000e+00
1.200000000000045475e+00 0.000000000000000000e+00
1.299999999999954525e+00 0.000000000000000000e+00
1.400000000000090949e+00 0.000000000000000000e+00
1.500000000000000000e+00 0.000000000000000000e+00
1.599999999999909051e+00 0.000000000000000000e+00
1.700000000000045475e+00 0.000000000000000000e+00
1.799999999999954525e+00 0.000000000000000000e+00
1.900000000000090949e+00 0.000000000000000000e+00
2.000000000000000000e+00 0.000000000000000000e+00
2.099999999999909051e+00 0.000000000000000000e+00
2.200000000000045475e+00 0.000000000000000000e+00
2.299999999999954525e+00 0.000000000000000000e+00
2.400000000000090949e+00 0.000000000000000000e+00
2.500000000000000000e+00 0.000000000000000000e+00
2.599999999999909051e+00 0.000000000000000000e+00
2.700000000000045475e+00 0.000000000000000000e+00
2.799999999999954525e+00 0.000000000000000000e+00
2.900000000000090949e+00 0.000000000000000000e+00
3.000000000000000000e+00 0.000000000000000000e+00
3.099999999999909051e+00 0.000000000000000000e+00
3.200000000000045475e+00 0.000000000000000000e+00
3.299999999999954525e+00 0.000000000000000000e+00
3.400000000000090949e+00 0.000000000000000000e+00
3.500000000000000000e+00 0.000000000000000000e+00
3.599999999999909051e+00 0.000000000000000000e+00
3.700000000000045475e+00 0.000000000000000000e+00
3.799999999999954525e+00 0.000000000000000000e+00
3.900000000000090949e+00 0.000000000000000000e+00
4.000000000000000000e+00 0.000000000000000000e+00
4.099999999999909051e+00 0.000000000000000000e+00
4.200000000000045475e+00 0.000000000000000000e+00
4.299999999999954525e+00 0.000000000000000000e+00
4.400000000000090949e+00 0.000000000000000000e+00
4.500000000000000000e+00 0.000000000000000000e+00
4.599999999999909051e+00 0.000000000000000000e+00
4.700000000000045475e+00 0.000000000000000000e+00
4.799999999999954525e+00 0.000000000000000000e+00
4.900000000000090949e+00 0.000000000000000000e+00
5.000000000000000000e+00 0.000000000000000000e+00
5.099999999999909051e+00 9.270179271697998047e-02
5.200000000000045475e+00 1.854035854339599609e-01
5.299999999999954525e+00 2.781053781509399414e-01
5.400000000000090949e+00 3.708071708679199219e-01
5.500000000000000000e+00 4.635089635848999023e-01
5.599999999999909051e+00 5.562107563018798828e-01
5.700000000000045475e+00 6.489125490188598633e-01
5.799999999999954525e+00 7.416143417358398438e-01
5.900000000000090949e+00 8.343161344528198242e-01
6.000000000000000000e+00 9.270179271697998047e-01
6.099999999999909051e+00 1.019719719886779785e+00
6.200000000000045475e+00 1.112421512603759766e+00
6.299999999999954525e+00 1.205123305320739746e+00
6.400000000000090949e+00 1.297825098037719727e+00
6.500000000000000000e+00 1.390526890754699707e+00
6.599999999999909051e+00 1.483228683471679688e+00
6.700000000000045475e+00 1.575930476188659668e+00
6.799999999999954525e+00 1.668632268905639648e+00
6.900000000000090949e+00 1.761334061622619629e+00
7.000000000000000000e+00 1.854035854339599609e+00
7.099999999999909051e+00 1.946737647056579590e+00
7.200000000000045475e+00 2.039439439773559570e+00
7.299999999999954525e+00 2.132141113281250000e+00
7.400000000000090949e+00 2.224843025207519531e+00
7.500000000000000000e+00 2.317544698715209961e+00
7.599999999999909051e+00 2.410246610641479492e+00
7.700000000000045475e+00 2.502948284149169922e+00
7.799999999999954525e+00 2.595650196075439453e+00
7.900000000000090949e+00 2.688351869583129883e+00
8.000000000000000000e+00 2.781053781509399414e+00
8.099999999999909051e+00 2.873755455017089844e+00
8.200000000000045475e+00 2.966457366943359375e+00
8.299999999999954525e+00 3.059159040451049805e+00
8.400000000000090949e+00 3.151860952377319336e+00
8.500000000000000000e+00 3.244562625885009766e+00
8.599999999999909051e+00 3.337264537811279297e+00
8.700000000000045475e+00 3.429966211318969727e+00
8.799999999999954525e+00 3.522668123245239258e+00
8.900000000000090949e+00 3.615369796752929688e+00
9.000000000000000000e+00 3.708071708679199219e+00
9.099999999999909051e+00 3.800773382186889648e+00
9.200000000000045475e+00 3.893475294113159180e+00
9.299999999999954525e+00 3.986176967620849609e+00
9.400000000000090949e+00 4.078878879547119141e+00
9.500000000000000000e+00 4.171580791473388672e+00
9.599999999999909051e+00 4.264282226562500000e+00
9.700000000000045475e+00 4.356984138488769531e+00
9.799999999999954525e+00 4.449686050415039062e+00
9.900000000000090949e+00 4.542387962341308594e+00
1.000000000000000000e+01 4.635089397430419922e+00
1.009999999999990905e+01 4.727791309356689453e+00
1.020000000000004547e+01 4.820493221282958984e+00
1.029999999999995453e+01 4.913194656372070312e+00
1.040000000000009095e+01 5.005896568298339844e+00
1.050000000000000000e+01 5.098598480224609375e+00
1.059999999999990905e+01 5.191300392150878906e+00
1.070000000000004547e+01 5.284001827239990234e+00
1.079999999999995453e+01 5.376703739166259766e+00
1.090000000000009095e+01 5.469405651092529297e+00
1.100000000000000000e+01 5.562107563018798828e+00
1.109999999999990905e+01 5.654808998107910156e+00
1.120000000000004547e+01 5.747510910034179688e+00
1.129999999999995453e+01 5.840212821960449219e+00
1.140000000000009095e+01 5.932914733886718750e+00
1.150000000000000000e+01 6.025616168975830078e+00
1.159999999999990905e+01 6.118318080902099609e+00
1.170000000000004547e+01 6.211019992828369141e+00
1.179999999999995453e+01 6.303721904754638672e+00
1.190000000000009095e+01 6.396423339843750000e+00
1.200000000000000000e+01 6.489125251770019531e+00
1.209999999999990905e+01 6.581827163696289062e+00
1.220000000000004547e+01 6.674529075622558594e+00
1.229999999999995453e+01 6.767230510711669922e+00
1.240000000000009095e+01 6.859932422637939453e+00
1.250000000000000000e+01 6.952634334564208984e+00
1.259999999999990905e+01 7.045336246490478516e+00
1.270000000000004547e+01 7.138037681579589844e+00
1.279999999999995453e+01 7.230739593505859375e+00
1.290000000000009095e+01 7.323441505432128906e+00
1.300000000000000000e+01 7.416143417358398438e+00
1.309999999999990905e+01 7.508844852447509766e+00
1.320000000000004547e+01 7.601546764373779297e+00
1.329999999999995453e+01 7.694248676300048828e+00
1.340000000000009095e+01 7.786950588226318359e+00
1.350000000000000000e+01 7.879652023315429688e+00
1.359999999999990905e+01 7.972353935241699219e+00
1.370000000000004547e+01 8.065055847167968750e+00
1.379999999999995453e+01 8.157757759094238281e+00
1.390000000000009095e+01 8.250459671020507812e+00
1.400000000000000000e+01 8.343161582946777344e+00
1.409999999999990905e+01 8.435862541198730469e+00
1.420000000000004547e+01 8.528564453125000000e+00
1.429999999999995453e+01 8.621266365051269531e+00
1.440000000000009095e+01 8.713968276977539062e+00
1.450000000000000000e+01 8.806670188903808594e+00
1.459999999999990905e+01 8.899372100830078125e+00
1.470000000000004547e+01 8.992074012756347656e+00
1.479999999999995453e+01 9.084775924682617188e+00
1.490000000000009095e+01 9.177476882934570312e+00
1.500000000000000000e+01 9.270178794860839844e+00
1.509999999999990905e+01 9.362880706787109375e+00
1.520000000000004547e+01 9.455582618713378906e+00
1.529999999999995453e+01 9.548284530639648438e+00
1.540000000000009095e+01 9.640986442565917969e+00
1.550000000000000000e+01 9.733688354492187500e+00
1.559999999999990905e+01 9.826389312744140625e+00
1.570000000000004547e+01 9.919091224670410156e+00
1.579999999999995453e+01 1.001179313659667969e+01
1.590000000000009095e+01 1.010449504852294922e+01
1.600000000000000000e+01 1.019719696044921875e+01
1.609999999999990905e+01 1.028989887237548828e+01
1.620000000000004547e+01 1.038260078430175781e+01
1.629999999999995453e+01 1.047530269622802734e+01
1.640000000000009095e+01 1.056800365447998047e+01
1.650000000000000000e+01 1.066070556640625000e+01
1.659999999999990905e+01 1.075340747833251953e+01
1.670000000000004547e+01 1.084610939025878906e+01
1.679999999999995453e+01 1.093881130218505859e+01
1.690000000000009095e+01 1.103151321411132812e+01
1.700000000000000000e+01 1.112421512603759766e+01
1.709999999999990905e+01 1.121691703796386719e+01
1.720000000000004547e+01 1.130961799621582031e+01
1.729999999999995453e+01 1.140231990814208984e+01
1.740000000000009095e+01 1.149502182006835938e+01
1.750000000000000000e+01 1.158772373199462891e+01
1.759999999999990905e+01 1.168042564392089844e+01
1.770000000000004547e+01 1.177312755584716797e+01
1.779999999999995453e+01 1.186582946777343750e+01
1.790000000000009095e+01 1.195853137969970703e+01
1.800000000000000000e+01 1.205123233795166016e+01
1.809999999999990905e+01 1.214393424987792969e+01
1.820000000000004547e+01 1.223663616180419922e+01
1.829999999999995453e+01 1.232933807373046875e+01
1.840000000000009095e+01 1.242203998565673828e+01
1.850000000000000000e+01 1.251474189758300781e+01
1.859999999999990905e+01 1.260744380950927734e+01
1.870000000000004547e+01 1.270014572143554688e+01
1.879999999999995453e+01 1.279284667968750000e+01
1.890000000000009095e+01 1.288554859161376953e+01
1.900000000000000000e+01 1.297825050354003906e+01
1.909999999999990905e+01 1.307095241546630859e+01
1.920000000000004547e+01 1.316365432739257812e+01
1.929999999999995453e+01 1.325635623931884766e+01
1.940000000000009095e+01 1.334905815124511719e+01
1.950000000000000000e+01 1.344176006317138672e+01
1.959999999999990905e+01 1.353446102142333984e+01
1.970000000000004547e+01 1.362716293334960938e+01
1.979999999999995453e+01 1.371986484527587891e+01
1.990000000000009095e+01 1.381256675720214844e+01
2.000000000000000000e+01 1.390526866912841797e+01
2.009999999999990905e+01 1.399797058105468750e+01
2.020000000000004547e+01 1.409067249298095703e+01
2.029999999999995453e+01 1.418337345123291016e+01
2.040000000000009095e+01 1.427607536315917969e+01
2.050000000000000000e+01 1.436877727508544922e+01
2.059999999999990905e+01 1.446147918701171875e+01
2.070000000000004547e+01 1.455418109893798828e+01
2.079999999999995453e+01 1.464688301086425781e+01
2.090000000000009095e+01 1.473958492279052734e+01
2.100000000000000000e+01 1.483228683471679688e+01
2.109999999999990905e+01 1.492498779296875000e+01
2.120000000000004547e+01 1.501768970489501953e+01
2.129999999999995453e+01 1.511039161682128906e+01
2.140000000000009095e+01 1.520309352874755859e+01
2.150000000000000000e+01 1.529579544067382812e+01
2.159999999999990905e+01 1.538849735260009766e+01
2.170000000000004547e+01 1.548119926452636719e+01
2.179999999999995453e+01 1.557390117645263672e+01
2.190000000000009095e+01 1.566660213470458984e+01
2.200000000000000000e+01 1.575930404663085938e+01
2.209999999999990905e+01 1.585200595855712891e+01
2.220000000000004547e+01 1.594470787048339844e+01
2.229999999999995453e+01 1.603740882873535156e+01
2.240000000000009095e+01 1.613011169433593750e+01
2.250000000000000000e+01 1.622281265258789062e+01
2.259999999999990905e+01 1.631551551818847656e+01
2.270000000000004547e+01 1.636186599731445312e+01
2.279999999999995453e+01 1.636186599731445312e+01
2.290000000000009095e+01 1.636186599731445312e+01
2.300000000000000000e+01 1.636186599731445312e+01
2.309999999999990905e+01 1.636186599731445312e+01
2.320000000000004547e+01 1.636186599731445312e+01
2.329999999999995453e+01 1.636186599731445312e+01
2.340000000000009095e+01 1.636186599731445312e+01
2.350000000000000000e+01 1.636186599731445312e+01
2.359999999999990905e+01 1.636186599731445312e+01
2.370000000000004547e+01 1.636186599731445312e+01
2.379999999999995453e+01 1.636186599731445312e+01
2.390000000000009095e+01 1.636186599731445312e+01
2.400000000000000000e+01 1.636186599731445312e+01
2.409999999999990905e+01 1.636186599731445312e+01
2.420000000000004547e+01 1.636186599731445312e+01
2.429999999999995453e+01 1.636186599731445312e+01
2.440000000000009095e+01 1.636186599731445312e+01
2.450000000000000000e+01 1.636186599731445312e+01
2.459999999999990905e+01 1.636186599731445312e+01
2.470000000000004547e+01 1.636186599731445312e+01
2.479999999999995453e+01 1.636186599731445312e+01
2.490000000000009095e+01 1.636186599731445312e+01
2.500000000000000000e+01 1.636186599731445312e+01
2.509999999999990905e+01 1.636186599731445312e+01
2.520000000000004547e+01 1.636186599731445312e+01
2.529999999999995453e+01 1.636186599731445312e+01
2.540000000000009095e+01 1.636186599731445312e+01
2.550000000000000000e+01 1.636186599731445312e+01
2.559999999999990905e+01 1.636186599731445312e+01
2.570000000000004547e+01 1.636186599731445312e+01
2.579999999999995453e+01 1.636186599731445312e+01
2.590000000000009095e+01 1.636186599731445312e+01
2.600000000000000000e+01 1.636186599731445312e+01
2.609999999999990905e+01 1.636186599731445312e+01
2.620000000000004547e+01 1.636186599731445312e+01
2.629999999999995453e+01 1.636186599731445312e+01
2.640000000000009095e+01 1.636186599731445312e+01
2.650000000000000000e+01 1.636186599731445312e+01
2.659999999999990905e+01 1.636186599731445312e+01
2.670000000000004547e+01 1.636186599731445312e+01
2.679999999999995453e+01 1.636186599731445312e+01
2.690000000000009095e+01 1.636186599731445312e+01
2.700000000000000000e+01 1.636186599731445312e+01
2.709999999999990905e+01 1.636186599731445312e+01
2.720000000000004547e+01 1.636186599731445312e+01
2.729999999999995453e+01 1.636186599731445312e+01
2.740000000000009095e+01 1.636186599731445312e+01
2.750000000000000000e+01 1.636186599731445312e+01
2.759999999999990905e+01 1.636186599731445312e+01
2.770000000000004547e+01 1.636186599731445312e+01
2.779999999999995453e+01 1.636186599731445312e+01
2.790000000000009095e+01 1.636186599731445312e+01
2.800000000000000000e+01 1.636186599731445312e+01
2.809999999999990905e+01 1.636186599731445312e+01
2.820000000000004547e+01 1.636186599731445312e+01
2.829999999999995453e+01 1.636186599731445312e+01
2.840000000000009095e+01 1.636186599731445312e+01
2.850000000000000000e+01 1.636186599731445312e+01
2.859999999999990905e+01 1.636186599731445312e+01
2.870000000000004547e+01 1.636186599731445312e+01
2.879999999999995453e+01 1.636186599731445312e+01
2.890000000000009095e+01 1.636186599731445312e+01
2.900000000000000000e+01 1.636186599731445312e+01
2.909999999999990905e+01 1.636186599731445312e+01
2.920000000000004547e+01 1.636186599731445312e+01
2.929999999999995453e+01 1.636186599731445312e+01
2.940000000000009095e+01 1.636186599731445312e+01
2.950000000000000000e+01 1.636186599731445312e+01
2.959999999999990905e+01 1.636186599731445312e+01
2.970000000000004547e+01 1.636186599731445312e+01
2.979999999999995453e+01 1.636186599731445312e+01
2.990000000000009095e+01 1.636186599731445312e+01
3.000000000000000000e+01 1.636186599731445312e+01
3.009999999999990905e+01 1.636186599731445312e+01
3.020000000000004547e+01 1.636186599731445312e+01
3.029999999999995453e+01 1.636186599731445312e+01
3.040000000000009095e+01 1.636186599731445312e+01
3.050000000000000000e+01 1.636186599731445312e+01
3.059999999999990905e+01 1.636186599731445312e+01
3.070000000000004547e+01 1.636186599731445312e+01
3.079999999999995453e+01 1.636186599731445312e+01
3.090000000000009095e+01 1.636186599731445312e+01
3.100000000000000000e+01 1.636186599731445312e+01
3.109999999999990905e+01 1.636186599731445312e+01
3.120000000000004547e+01 1.636186599731445312e+01
3.129999999999995453e+01 1.636186599731445312e+01
3.140000000000009095e+01 1.636186599731445312e+01
3.150000000000000000e+01 1.636186599731445312e+01
3.159999999999990905e+01 1.636186599731445312e+01
3.170000000000004547e+01 1.636186599731445312e+01
3.179999999999995453e+01 1.636186599731445312e+01
3.190000000000009095e+01 1.636186599731445312e+01
3.200000000000000000e+01 1.636186599731445312e+01
3.209999999999990905e+01 1.636186599731445312e+01
3.220000000000004547e+01 1.636186599731445312e+01
3.229999999999995453e+01 1.636186599731445312e+01
3.240000000000009095e+01 1.636186599731445312e+01
3.250000000000000000e+01 1.636186599731445312e+01
3.259999999999990905e+01 1.636186599731445312e+01
3.270000000000004547e+01 1.636186599731445312e+01
3.279999999999995453e+01 1.636186599731445312e+01
3.290000000000009095e+01 1.636186599731445312e+01
3.300000000000000000e+01 1.636186599731445312e+01
3.309999999999990905e+01 1.636186599731445312e+01
3.320000000000004547e+01 1.636186599731445312e+01
3.329999999999995453e+01 1.636186599731445312e+01
3.340000000000009095e+01 1.636186599731445312e+01
3.350000000000000000e+01 1.636186599731445312e+01
3.359999999999990905e+01 1.636186599731445312e+01
3.370000000000004547e+01 1.636186599731445312e+01
3.379999999999995453e+01 1.636186599731445312e+01
3.390000000000009095e+01 1.636186599731445312e+01
3.400000000000000000e+01 1.636186599731445312e+01
3.409999999999990905e+01 1.636186599731445312e+01
3.420000000000004547e+01 1.636186599731445312e+01
3.429999999999995453e+01 1.636186599731445312e+01
3.440000000000009095e+01 1.636186599731445312e+01
3.450000000000000000e+01 1.636186599731445312e+01
3.459999999999990905e+01 1.636186599731445312e+01
3.470000000000004547e+01 1.636186599731445312e+01
3.479999999999995453e+01 1.636186599731445312e+01
3.490000000000009095e+01 1.636186599731445312e+01
3.500000000000000000e+01 1.636186599731445312e+01
3.509999999999990905e+01 1.636186599731445312e+01
3.520000000000004547e+01 1.636186599731445312e+01
3.529999999999995453e+01 1.636186599731445312e+01
3.540000000000009095e+01 1.636186599731445312e+01
3.550000000000000000e+01 1.636186599731445312e+01
3.559999999999990905e+01 1.636186599731445312e+01
3.570000000000004547e+01 1.636186599731445312e+01
3.579999999999995453e+01 1.636186599731445312e+01
3.590000000000009095e+01 1.636186599731445312e+01
3.600000000000000000e+01 1.636186599731445312e+01
3.609999999999990905e+01 1.636186599731445312e+01
3.620000000000004547e+01 1.636186599731445312e+01
3.629999999999995453e+01 1.636186599731445312e+01
3.640000000000009095e+01 1.636186599731445312e+01
3.650000000000000000e+01 1.636186599731445312e+01
3.659999999999990905e+01 1.636186599731445312e+01
3.670000000000004547e+01 1.636186599731445312e+01
3.679999999999995453e+01 1.636186599731445312e+01
3.690000000000009095e+01 1.636186599731445312e+01
3.700000000000000000e+01 1.636186599731445312e+01
3.709999999999990905e+01 1.636186599731445312e+01
3.720000000000004547e+01 1.636186599731445312e+01
3.729999999999995453e+01 1.636186599731445312e+01
3.740000000000009095e+01 1.636186599731445312e+01
3.750000000000000000e+01 1.636186599731445312e+01
3.759999999999990905e+01 1.636186599731445312e+01
3.770000000000004547e+01 1.636186599731445312e+01
3.779999999999995453e+01 1.636186599731445312e+01
3.790000000000009095e+01 1.636186599731445312e+01
3.800000000000000000e+01 1.636186599731445312e+01
3.809999999999990905e+01 1.636186599731445312e+01
3.820000000000004547e+01 1.636186599731445312e+01
3.829999999999995453e+01 1.636186599731445312e+01
3.840000000000009095e+01 1.636186599731445312e+01
3.850000000000000000e+01 1.636186599731445312e+01
3.859999999999990905e+01 1.636186599731445312e+01
3.870000000000004547e+01 1.636186599731445312e+01
3.879999999999995453e+01 1.636186599731445312e+01
3.890000000000009095e+01 1.636186599731445312e+01
3.900000000000000000e+01 1.636186599731445312e+01
3.909999999999990905e+01 1.636186599731445312e+01
3.920000000000004547e+01 1.636186599731445312e+01
3.929999999999995453e+01 1.636186599731445312e+01
3.940000000000009095e+01 1.636186599731445312e+01
3.950000000000000000e+01 1.636186599731445312e+01
3.959999999999990905e+01 1.636186599731445312e+01
3.970000000000004547e+01 1.636186599731445312e+01
3.979999999999995453e+01 1.636186599731445312e+01
3.990000000000009095e+01 1.636186599731445312e+01
4.000000000000000000e+01 1.636186599731445312e+01
4.009999999999990905e+01 1.636186599731445312e+01
4.020000000000004547e+01 1.636186599731445312e+01
4.029999999999995453e+01 1.636186599731445312e+01
4.040000000000009095e+01 1.636186599731445312e+01
4.050000000000000000e+01 1.636186599731445312e+01
4.059999999999990905e+01 1.636186599731445312e+01
4.070000000000004547e+01 1.636186599731445312e+01
4.079999999999995453e+01 1.636186599731445312e+01
4.090000000000009095e+01 1.636186599731445312e+01
4.100000000000000000e+01 1.636186599731445312e+01
4.109999999999990905e+01 1.636186599731445312e+01
4.120000000000004547e+01 1.636186599731445312e+01
4.129999999999995453e+01 1.636186599731445312e+01
4.140000000000009095e+01 1.636186599731445312e+01
4.150000000000000000e+01 1.636186599731445312e+01
4.159999999999990905e+01 1.636186599731445312e+01
4.170000000000004547e+01 1.636186599731445312e+01
4.179999999999995453e+01 1.636186599731445312e+01
4.190000000000009095e+01 1.636186599731445312e+01
4.200000000000000000e+01 1.636186599731445312e+01
4.209999999999990905e+01 1.636186599731445312e+01
4.220000000000004547e+01 1.636186599731445312e+01
4.229999999999995453e+01 1.636186599731445312e+01
4.240000000000009095e+01 1.636186599731445312e+01
4.250000000000000000e+01 1.636186599731445312e+01
4.259999999999990905e+01 1.636186599731445312e+01
4.270000000000004547e+01 1.636186599731445312e+01
4.279999999999995453e+01 1.636186599731445312e+01
4.290000000000009095e+01 1.636186599731445312e+01
4.300000000000000000e+01 1.636186599731445312e+01
4.309999999999990905e+01 1.636186599731445312e+01
4.320000000000004547e+01 1.636186599731445312e+01
4.329999999999995453e+01 1.636186599731445312e+01
4.340000000000009095e+01 1.636186599731445312e+01
4.350000000000000000e+01 1.636186599731445312e+01
4.359999999999990905e+01 1.636186599731445312e+01
4.370000000000004547e+01 1.636186599731445312e+01
4.379999999999995453e+01 1.636186599731445312e+01
4.390000000000009095e+01 1.636186599731445312e+01
4.400000000000000000e+01 1.636186599731445312e+01
4.409999999999990905e+01 1.636186599731445312e+01
4.420000000000004547e+01 1.636186599731445312e+01
4.429999999999995453e+01 1.636186599731445312e+01
4.440000000000009095e+01 1.636186599731445312e+01
4.450000000000000000e+01 1.636186599731445312e+01
4.459999999999990905e+01 1.636186599731445312e+01
4.470000000000004547e+01 1.636186599731445312e+01
4.479999999999995453e+01 1.636186599731445312e+01
4.490000000000009095e+01 1.636186599731445312e+01
4.500000000000000000e+01 1.636186599731445312e+01
4.509999999999990905e+01 1.636186599731445312e+01
4.520000000000004547e+01 1.636186599731445312e+01
4.529999999999995453e+01 1.636186599731445312e+01
4.540000000000009095e+01 1.636186599731445312e+01
4.550000000000000000e+01 1.636186599731445312e+01
4.559999999999990905e+01 1.636186599731445312e+01
4.570000000000004547e+01 1.636186599731445312e+01
4.579999999999995453e+01 1.636186599731445312e+01
4.590000000000009095e+01 1.636186599731445312e+01
4.600000000000000000e+01 1.636186599731445312e+01
4.609999999999990905e+01 1.636186599731445312e+01
4.620000000000004547e+01 1.636186599731445312e+01
4.629999999999995453e+01 1.636186599731445312e+01
4.640000000000009095e+01 1.636186599731445312e+01
4.650000000000000000e+01 1.636186599731445312e+01
4.659999999999990905e+01 1.636186599731445312e+01
4.670000000000004547e+01 1.636186599731445312e+01
4.679999999999995453e+01 1.636186599731445312e+01
4.690000000000009095e+01 1.636186599731445312e+01
4.700000000000000000e+01 1.636186599731445312e+01
4.709999999999990905e+01 1.636186599731445312e+01
4.720000000000004547e+01 1.636186599731445312e+01
4.729999999999995453e+01 1.636186599731445312e+01
4.740000000000009095e+01 1.636186599731445312e+01
4.750000000000000000e+01 1.636186599731445312e+01
4.759999999999990905e+01 1.636186599731445312e+01
4.770000000000004547e+01 1.636186599731445312e+01
4.779999999999995453e+01 1.636186599731445312e+01
4.790000000000009095e+01 1.636186599731445312e+01
4.800000000000000000e+01 1.636186599731445312e+01
4.809999999999990905e+01 1.636186599731445312e+01
4.820000000000004547e+01 1.636186599731445312e+01
4.829999999999995453e+01 1.636186599731445312e+01
4.840000000000009095e+01 1.636186599731445312e+01
4.850000000000000000e+01 1.636186599731445312e+01
4.859999999999990905e+01 1.636186599731445312e+01
4.870000000000004547e+01 1.636186599731445312e+01
4.879999999999995453e+01 1.636186599731445312e+01
4.890000000000009095e+01 1.636186599731445312e+01
4.900000000000000000e+01 1.636186599731445312e+01
4.909999999999990905e+01 1.636186599731445312e+01
4.920000000000004547e+01 1.636186599731445312e+01
4.929999999999995453e+01 1.636186599731445312e+01
4.940000000000009095e+01 1.636186599731445312e+01
4.950000000000000000e+01 1.636186599731445312e+01
4.959999999999990905e+01 1.636186599731445312e+01
4.970000000000004547e+01 1.636186599731445312e+01
4.979999999999995453e+01 1.636186599731445312e+01
4.990000000000009095e+01 1.636186599731445312e+01
5.000000000000000000e+01 1.636186599731445312e+01
5.009999999999990905e+01 1.636186599731445312e+01
5.020000000000004547e+01 1.636186599731445312e+01
5.029999999999995453e+01 1.636186599731445312e+01
5.040000000000009095e+01 1.636186599731445312e+01
5.050000000000000000e+01 1.636186599731445312e+01
5.059999999999990905e+01 1.636186599731445312e+01
5.070000000000004547e+01 1.636186599731445312e+01
5.079999999999995453e+01 1.636186599731445312e+01
5.090000000000009095e+01 1.636186599731445312e+01
5.100000000000000000e+01 1.636186599731445312e+01
5.109999999999990905e+01 1.636186599731445312e+01
5.120000000000004547e+01 1.636186599731445312e+01
5.129999999999995453e+01 1.636186599731445312e+01
5.140000000000009095e+01 1.636186599731445312e+01
5.150000000000000000e+01 1.636186599731445312e+01
5.159999999999990905e+01 1.636186599731445312e+01
5.170000000000004547e+01 1.636186599731445312e+01
5.179999999999995453e+01 1.636186599731445312e+01
5.190000000000009095e+01 1.636186599731445312e+01
5.200000000000000000e+01 1.636186599731445312e+01
5.209999999999990905e+01 1.636186599731445312e+01
5.220000000000004547e+01 1.636186599731445312e+01
5.229999999999995453e+01 1.636186599731445312e+01
5.240000000000009095e+01 1.636186599731445312e+01
5.250000000000000000e+01 1.636186599731445312e+01
5.259999999999990905e+01 1.636186599731445312e+01
5.270000000000004547e+01 1.636186599731445312e+01
5.279999999999995453e+01 1.636186599731445312e+01
5.290000000000009095e+01 1.636186599731445312e+01
5.300000000000000000e+01 1.636186599731445312e+01
5.309999999999990905e+01 1.636186599731445312e+01
5.320000000000004547e+01 1.636186599731445312e+01
5.329999999999995453e+01 1.636186599731445312e+01
5.340000000000009095e+01 1.636186599731445312e+01
5.350000000000000000e+01 1.636186599731445312e+01
5.359999999999990905e+01 1.636186599731445312e+01
5.370000000000004547e+01 1.636186599731445312e+01
5.379999999999995453e+01 1.636186599731445312e+01
5.390000000000009095e+01 1.636186599731445312e+01
5.400000000000000000e+01 1.636186599731445312e+01
5.409999999999990905e+01 1.636186599731445312e+01
5.420000000000004547e+01 1.636186599731445312e+01
5.429999999999995453e+01 1.636186599731445312e+01
5.440000000000009095e+01 1.636186599731445312e+01
5.450000000000000000e+01 1.627492904663085938e+01
5.459999999999990905e+01 1.617265129089355469e+01
5.470000000000004547e+01 1.607037162780761719e+01
5.479999999999995453e+01 1.596809291839599609e+01
5.490000000000009095e+01 1.586581420898437500e+01
5.500000000000000000e+01 1.576353549957275391e+01
5.509999999999990905e+01 1.566125679016113281e+01
5.520000000000004547e+01 1.555897808074951172e+01
5.529999999999995453e+01 1.545669937133789062e+01
5.540000000000009095e+01 1.535442066192626953e+01
5.550000000000000000e+01 1.525214195251464844e+01
5.559999999999990905e+01 1.514986324310302734e+01
5.570000000000004547e+01 1.504758453369140625e+01
5.579999999999995453e+01 1.494530582427978516e+01
5.590000000000009095e+01 1.484302806854248047e+01
5.600000000000000000e+01 1.474074935913085938e+01
5.609999999999990905e+01 1.463847064971923828e+01
5.620000000000004547e+01 1.453619194030761719e+01
5.629999999999995453e+01 1.443391323089599609e+01
5.640000000000009095e+01 1.433163452148437500e+01
5.650000000000000000e+01 1.422935581207275391e+01
5.659999999999990905e+01 1.412707710266113281e+01
5.670000000000004547e+01 1.402479839324951172e+01
5.679999999999995453e+01 1.392251968383789062e+01
5.690000000000009095e+01 1.382024097442626953e+01
5.700000000000000000e+01 1.371796226501464844e+01
5.709999999999990905e+01 1.361568355560302734e+01
5.720000000000004547e+01 1.351340484619140625e+01
5.729999999999995453e+01 1.341112613677978516e+01
5.740000000000009095e+01 1.330884742736816406e+01
5.750000000000000000e+01 1.320656871795654297e+01
5.759999999999990905e+01 1.310429000854492188e+01
5.770000000000004547e+01 1.300201129913330078e+01
5.779999999999995453e+01 1.289973258972167969e+01
5.790000000000009095e+01 1.279745388031005859e+01
5.800000000000000000e+01 1.268687629699707031e+01
5.809999999999990905e+01 1.256950950622558594e+01
5.820000000000004547e+01 1.245214176177978516e+01
5.829999999999995453e+01 1.233477401733398438e+01
5.840000000000009095e+01 1.221740722656250000e+01
5.850000000000000000e+01 1.210003948211669922e+01
5.859999999999990905e+01 1.198267173767089844e+01
5.870000000000004547e+01 1.186530494689941406e+01
5.879999999999995453e+01 1.174793720245361328e+01
5.890000000000009095e+01 1.163056945800781250e+01
5.900000000000000000e+01 1.151320171356201172e+01
5.909999999999990905e+01 1.139583492279052734e+01
5.920000000000004547e+01 1.127846717834472656e+01
5.929999999999995453e+01 1.116109943389892578e+01
5.940000000000009095e+01 1.104373264312744141e+01
5.950000000000000000e+01 1.092636489868164062e+01
5.959999999999990905e+01 1.080899715423583984e+01
5.970000000000004547e+01 1.069163036346435547e+01
5.979999999999995453e+01 1.057426261901855469e+01
5.990000000000009095e+01 1.045689487457275391e+01
6.000000000000000000e+01 1.033952808380126953e+01
6.009999999999990905e+01 1.022216033935546875e+01
6.020000000000004547e+01 1.010479259490966797e+01
6.029999999999995453e+01 9.987425804138183594e+00
6.040000000000009095e+01 9.870058059692382812e+00
6.050000000000000000e+01 9.752690315246582031e+00
6.059999999999990905e+01 9.635323524475097656e+00
6.070000000000004547e+01 9.517955780029296875e+00
6.079999999999995453e+01 9.400588035583496094e+00
6.090000000000009095e+01 9.283221244812011719e+00
6.100000000000000000e+01 9.165853500366210938e+00
6.109999999999990905e+01 9.048485755920410156e+00
6.120000000000004547e+01 8.931118965148925781e+00
6.129999999999995453e+01 8.813751220703125000e+00
6.140000000000009095e+01 8.696383476257324219e+00
6.150000000000000000e+01 8.541017532348632812e+00
6.159999999999990905e+01 8.296988487243652344e+00
6.170000000000004547e+01 8.052959442138671875e+00
6.179999999999995453e+01 7.808930397033691406e+00
6.190000000000009095e+01 7.564901351928710938e+00
6.200000000000000000e+01 7.320872306823730469e+00
6.209999999999990905e+01 7.076843261718750000e+00
6.220000000000004547e+01 6.832814216613769531e+00
6.229999999999995453e+01 6.588785171508789062e+00
6.240000000000009095e+01 6.344756126403808594e+00
6.250000000000000000e+01 6.100727081298828125e+00
6.259999999999990905e+01 5.856698036193847656e+00
6.270000000000004547e+01 5.612668991088867188e+00
6.279999999999995453e+01 5.368639945983886719e+00
6.290000000000009095e+01 5.124610900878906250e+00
6.300000000000000000e+01 4.880581855773925781e+00
6.309999999999990905e+01 4.636552333831787109e+00
6.320000000000004547e+01 4.392523288726806641e+00
6.329999999999995453e+01 4.148494243621826172e+00
6.340000000000009095e+01 3.904465198516845703e+00
6.350000000000000000e+01 3.660436153411865234e+00
6.359999999999990905e+01 3.416407108306884766e+00
6.370000000000004547e+01 3.172378063201904297e+00
6.379999999999995453e+01 2.928349018096923828e+00
6.390000000000009095e+01 2.684319972991943359e+00
6.400000000000000000e+01 2.440290927886962891e+00
6.409999999999990905e+01 2.196261644363403320e+00
6.420000000000004547e+01 1.952232599258422852e+00
6.429999999999995453e+01 1.708203554153442383e+00
6.440000000000009095e+01 1.464174509048461914e+00
6.450000000000000000e+01 1.220145463943481445e+00
6.459999999999990905e+01 9.761162996292114258e-01
6.470000000000004547e+01 7.320872545242309570e-01
6.479999999999995453e+01 4.880581498146057129e-01
6.490000000000009095e+01 2.440290749073028564e-01
6.500000000000000000e+01 0.000000000000000000e+00
