0.000000000000000000e+00 1.600024414062500000e+01
9.999999999990905053e-02 1.600024414062500000e+01
2.000000000000454747e-01 1.600024414062500000e+01
2.999999999999545253e-01 1.600024414062500000e+01
4.000000000000909495e-01 1.600024414062500000e+01
5.000000000000000000e-01 1.600024414062500000e+01
5.999999999999090505e-01 1.600024414062500000e+01
7.000000000000454747e-01 1.600024414062500000e+01
7.999999999999545253e-01 1.600024414062500000e+01
9.000000000000909495e-01 1.600024414062500000e+01
1.000000000000000000e+00 1.600024414062500000e+01
1.099999999999909051e+00 1.600024414062500000e+01
1.200000000000045475e+00 1.600024414062500000e+01
1.299999999999954525e+00 1.600024414062500000e+01
1.400000000000090949e+00 1.600024414062500000e+01
1.500000000000000000e+00 1.600024414062500000e+01
1.599999999999909051e+00 1.600024414062500000e+01
1.700000000000045475e+00 1.600024414062500000e+01
1.799999999999954525e+00 1.600024414062500000e+01
1.900000000000090949e+00 1.600024414062500000e+01
2.000000000000000000e+00 1.600024414062500000e+01
2.099999999999909051e+00 1.600024414062500000e+01
2.200000000000045475e+00 1.600024414062500000e+01
2.299999999999954525e+00 1.600024414062500000e+01
2.400000000000090949e+00 1.600024414062500000e+01
2.500000000000000000e+00 1.600024414062500000e+01
2.599999999999909051e+00 1.600024414062500000e+01
2.700000000000045475e+00 1.600024414062500000e+01
2.799999999999954525e+00 1.600024414062500000e+01
2.900000000000090949e+00 1.600024414062500000e+01
3.000000000000000000e+00 1.600024414062500000e+01
3.099999999999909051e+00 1.600024414062500000e+01
3.200000000000045475e+00 1.600024414062500000e+01
3.299999999999954525e+00 1.600024414062500000e+01
3.400000000000090949e+00 1.600024414062500000e+01
3.500000000000000000e+00 1.600024414062500000e+01
3.599999999999909051e+00 1.600024414062500000e+01
3.700000000000045475e+00 1.600024414062500000e+01
3.799999999999954525e+00 1.600024414062500000e+01
3.900000000000090949e+00 1.600024414062500000e+01
4.000000000000000000e+00 1.600024414062500000e+01
4.099999999999909051e+00 1.600024414062500000e+01
4.200000000000045475e+00 1.600024414062500000e+01
4.299999999999954525e+00 1.600024414062500000e+01
4.400000000000090949e+00 1.600024414062500000e+01
4.500000000000000000e+00 1.600024414062500000e+01
4.599999999999909051e+00 1.600024414062500000e+01
4.700000000000045475e+00 1.600024414062500000e+01
4.799999999999954525e+00 1.600024414062500000e+01
4.900000000000090949e+00 1.600024414062500000e+01
5.000000000000000000e+00 1.600024414062500000e+01
5.099999999999909051e+00 1.600024414062500000e+01
5.200000000000045475e+00 1.600024414062500000e+01
5.299999999999954525e+00 1.600024414062500000e+01
5.400000000000090949e+00 1.600024414062500000e+01
5.500000000000000000e+00 1.600024414062500000e+01
5.599999999999909051e+00 1.600024414062500000e+01
5.700000000000045475e+00 1.600024414062500000e+01
5.799999999999954525e+00 1.600024414062500000e+01
5.900000000000090949e+00 1.600024414062500000e+01
6.000000000000000000e+00 1.600024414062500000e+01
6.099999999999909051e+00 1.600024414062500000e+01
6.200000000000045475e+00 1.600024414062500000e+01
6.299999999999954525e+00 1.600024414062500000e+01
6.400000000000090949e+00 1.600024414062500000e+01
6.500000000000000000e+00 1.600024414062500000e+01
6.599999999999909051e+00 1.600024414062500000e+01
6.700000000000045475e+00 1.600024414062500000e+01
6.799999999999954525e+00 1.600024414062500000e+01
6.900000000000090949e+00 1.600024414062500000e+01
7.000000000000000000e+00 1.600024414062500000e+01
7.099999999999909051e+00 1.600024414062500000e+01
7.200000000000045475e+00 1.600024414062500000e+01
7.299999999999954525e+00 1.600024414062500000e+01
7.400000000000090949e+00 1.600024414062500000e+01
7.500000000000000000e+00 1.600024414062500000e+01
7.599999999999909051e+00 1.600024414062500000e+01
7.700000000000045475e+00 1.600024414062500000e+01
7.799999999999954525e+00 1.600024414062500000e+01
7.900000000000090949e+00 1.600024414062500000e+01
8.000000000000000000e+00 1.600024414062500000e+01
8.099999999999909051e+00 1.600024414062500000e+01
8.200000000000045475e+00 1.600024414062500000e+01
8.299999999999954525e+00 1.600024414062500000e+01
8.400000000000090949e+00 1.600024414062500000e+01
8.500000000000000000e+00 1.600024414062500000e+01
8.599999999999909051e+00 1.600024414062500000e+01
8.700000000000045475e+00 1.600024414062500000e+01
8.799999999999954525e+00 1.600024414062500000e+01
8.900000000000090949e+00 1.600024414062500000e+01
9.000000000000000000e+00 1.600024414062500000e+01
9.099999999999909051e+00 1.600024414062500000e+01
9.200000000000045475e+00 1.600024414062500000e+01
9.299999999999954525e+00 1.600024414062500000e+01
9.400000000000090949e+00 1.600024414062500000e+01
9.500000000000000000e+00 1.600024414062500000e+01
9.599999999999909051e+00 1.600024414062500000e+01
9.700000000000045475e+00 1.600024414062500000e+01
9.799999999999954525e+00 1.600024414062500000e+01
9.900000000000090949e+00 1.600024414062500000e+01
1.000000000000000000e+01 1.600024414062500000e+01
1.009999999999990905e+01 1.600024414062500000e+01
1.020000000000004547e+01 1.600024414062500000e+01
1.029999999999995453e+01 1.600024414062500000e+01
1.040000000000009095e+01 1.600024414062500000e+01
1.050000000000000000e+01 1.600024414062500000e+01
1.059999999999990905e+01 1.600024414062500000e+01
1.070000000000004547e+01 1.600024414062500000e+01
1.079999999999995453e+01 1.600024414062500000e+01
1.090000000000009095e+01 1.600024414062500000e+01
1.100000000000000000e+01 1.600024414062500000e+01
1.109999999999990905e+01 1.600024414062500000e+01
1.120000000000004547e+01 1.600024414062500000e+01
1.129999999999995453e+01 1.600024414062500000e+01
1.140000000000009095e+01 1.600024414062500000e+01
1.150000000000000000e+01 1.600024414062500000e+01
1.159999999999990905e+01 1.600024414062500000e+01
1.170000000000004547e+01 1.600024414062500000e+01
1.179999999999995453e+01 1.600024414062500000e+01
1.190000000000009095e+01 1.600024414062500000e+01
1.200000000000000000e+01 1.600024414062500000e+01
1.209999999999990905e+01 1.600024414062500000e+01
1.220000000000004547e+01 1.600024414062500000e+01
1.229999999999995453e+01 1.600024414062500000e+01
1.240000000000009095e+01 1.600024414062500000e+01
1.250000000000000000e+01 1.600024414062500000e+01
1.259999999999990905e+01 1.600024414062500000e+01
1.270000000000004547e+01 1.600024414062500000e+01
1.279999999999995453e+01 1.600024414062500000e+01
1.290000000000009095e+01 1.600024414062500000e+01
1.300000000000000000e+01 1.600024414062500000e+01
1.309999999999990905e+01 1.600024414062500000e+01
1.320000000000004547e+01 1.600024414062500000e+01
1.329999999999995453e+01 1.600024414062500000e+01
1.340000000000009095e+01 1.600024414062500000e+01
1.350000000000000000e+01 1.600024414062500000e+01
1.359999999999990905e+01 1.600024414062500000e+01
1.370000000000004547e+01 1.600024414062500000e+01
1.379999999999995453e+01 1.600024414062500000e+01
1.390000000000009095e+01 1.600024414062500000e+01
1.400000000000000000e+01 1.600024414062500000e+01
1.409999999999990905e+01 1.600024414062500000e+01
1.420000000000004547e+01 1.600024414062500000e+01
1.429999999999995453e+01 1.600024414062500000e+01
1.440000000000009095e+01 1.600024414062500000e+01
1.450000000000000000e+01 1.600024414062500000e+01
1.459999999999990905e+01 1.600024414062500000e+01
1.470000000000004547e+01 1.600024414062500000e+01
1.479999999999995453e+01 1.600024414062500000e+01
1.490000000000009095e+01 1.600024414062500000e+01
1.500000000000000000e+01 1.600024414062500000e+01
1.509999999999990905e+01 1.600024414062500000e+01
1.520000000000004547e+01 1.600024414062500000e+01
1.529999999999995453e+01 1.600024414062500000e+01
1.540000000000009095e+01 1.600024414062500000e+01
1.550000000000000000e+01 1.600024414062500000e+01
1.559999999999990905e+01 1.600024414062500000e+01
1.570000000000004547e+01 1.600024414062500000e+01
1.579999999999995453e+01 1.600024414062500000e+01
1.590000000000009095e+01 1.600024414062500000e+01
1.600000000000000000e+01 1.600024414062500000e+01
1.609999999999990905e+01 1.600024414062500000e+01
1.620000000000004547e+01 1.600024414062500000e+01
1.629999999999995453e+01 1.600024414062500000e+01
1.640000000000009095e+01 1.600024414062500000e+01
1.650000000000000000e+01 1.600024414062500000e+01
1.659999999999990905e+01 1.600024414062500000e+01
1.670000000000004547e+01 1.600024414062500000e+01
1.679999999999995453e+01 1.600024414062500000e+01
1.690000000000009095e+01 1.600024414062500000e+01
1.700000000000000000e+01 1.600024414062500000e+01
1.709999999999990905e+01 1.600024414062500000e+01
1.720000000000004547e+01 1.600024414062500000e+01
1.729999999999995453e+01 1.600024414062500000e+01
1.740000000000009095e+01 1.600024414062500000e+01
1.750000000000000000e+01 1.600024414062500000e+01
1.759999999999990905e+01 1.600024414062500000e+01
1.770000000000004547e+01 1.600024414062500000e+01
1.779999999999995453e+01 1.600024414062500000e+01
1.790000000000009095e+01 1.600024414062500000e+01
1.800000000000000000e+01 1.600024414062500000e+01
1.809999999999990905e+01 1.600024414062500000e+01
1.820000000000004547e+01 1.600024414062500000e+01
1.829999999999995453e+01 1.600024414062500000e+01
1.840000000000009095e+01 1.600024414062500000e+01
1.850000000000000000e+01 1.600024414062500000e+01
1.859999999999990905e+01 1.600024414062500000e+01
1.870000000000004547e+01 1.600024414062500000e+01
1.879999999999995453e+01 1.600024414062500000e+01
1.890000000000009095e+01 1.600024414062500000e+01
1.900000000000000000e+01 1.600024414062500000e+01
1.909999999999990905e+01 1.600024414062500000e+01
1.920000000000004547e+01 1.600024414062500000e+01
1.929999999999995453e+01 1.600024414062500000e+01
1.940000000000009095e+01 1.600024414062500000e+01
1.950000000000000000e+01 1.600024414062500000e+01
1.959999999999990905e+01 1.600024414062500000e+01
1.970000000000004547e+01 1.600024414062500000e+01
1.979999999999995453e+01 1.600024414062500000e+01
1.990000000000009095e+01 1.600024414062500000e+01
2.000000000000000000e+01 1.600024414062500000e+01
2.009999999999990905e+01 1.600024414062500000e+01
2.020000000000004547e+01 1.600024414062500000e+01
2.029999999999995453e+01 1.600024414062500000e+01
2.040000000000009095e+01 1.600024414062500000e+01
2.050000000000000000e+01 1.600024414062500000e+01
2.059999999999990905e+01 1.600024414062500000e+01
2.070000000000004547e+01 1.600024414062500000e+01
2.079999999999995453e+01 1.600024414062500000e+01
2.090000000000009095e+01 1.600024414062500000e+01
2.100000000000000000e+01 1.600024414062500000e+01
2.109999999999990905e+01 1.600024414062500000e+01
2.120000000000004547e+01 1.600024414062500000e+01
2.129999999999995453e+01 1.600024414062500000e+01
2.140000000000009095e+01 1.600024414062500000e+01
2.150000000000000000e+01 1.600024414062500000e+01
2.159999999999990905e+01 1.600024414062500000e+01
2.170000000000004547e+01 1.600024414062500000e+01
2.179999999999995453e+01 1.600024414062500000e+01
2.190000000000009095e+01 1.600024414062500000e+01
2.200000000000000000e+01 1.600024414062500000e+01
2.209999999999990905e+01 1.600024414062500000e+01
2.220000000000004547e+01 1.600024414062500000e+01
2.229999999999995453e+01 1.600024414062500000e+01
2.240000000000009095e+01 1.600024414062500000e+01
2.250000000000000000e+01 1.600024414062500000e+01
2.259999999999990905e+01 1.600024414062500000e+01
2.270000000000004547e+01 1.598131084442138672e+01
2.279999999999995453e+01 1.594344329833984375e+01
2.290000000000009095e+01 1.590557670593261719e+01
2.300000000000000000e+01 1.586770915985107422e+01
2.309999999999990905e+01 1.582984161376953125e+01
2.320000000000004547e+01 1.579197502136230469e+01
2.329999999999995453e+01 1.575410747528076172e+01
2.340000000000009095e+01 1.571624088287353516e+01
2.350000000000000000e+01 1.567837333679199219e+01
2.359999999999990905e+01 1.564050579071044922e+01
2.370000000000004547e+01 1.560263919830322266e+01
2.379999999999995453e+01 1.556477165222167969e+01
2.390000000000009095e+01 1.552690505981445312e+01
2.400000000000000000e+01 1.548903751373291016e+01
2.409999999999990905e+01 1.545116996765136719e+01
2.420000000000004547e+01 1.541330337524414062e+01
2.429999999999995453e+01 1.537543582916259766e+01
2.440000000000009095e+01 1.533756923675537109e+01
2.450000000000000000e+01 1.529970169067382812e+01
2.459999999999990905e+01 1.526183414459228516e+01
2.470000000000004547e+01 1.522396755218505859e+01
2.479999999999995453e+01 1.518610000610351562e+01
2.490000000000009095e+01 1.514823341369628906e+01
2.500000000000000000e+01 1.511036586761474609e+01
2.509999999999990905e+01 1.507249832153320312e+01
2.520000000000004547e+01 1.503463172912597656e+01
2.529999999999995453e+01 1.499676418304443359e+01
2.540000000000009095e+01 1.495889663696289062e+01
2.550000000000000000e+01 1.492103004455566406e+01
2.559999999999990905e+01 1.488316249847412109e+01
2.570000000000004547e+01 1.484529590606689453e+01
2.579999999999995453e+01 1.480742835998535156e+01
2.590000000000009095e+01 1.476956081390380859e+01
2.600000000000000000e+01 1.473169422149658203e+01
2.609999999999990905e+01 1.469382667541503906e+01
2.620000000000004547e+01 1.465784454345703125e+01
2.629999999999995453e+01 1.462940120697021484e+01
2.640000000000009095e+01 1.460095691680908203e+01
2.650000000000000000e+01 1.457251358032226562e+01
2.659999999999990905e+01 1.454407024383544922e+01
2.670000000000004547e+01 1.451562690734863281e+01
2.679999999999995453e+01 1.448718261718750000e+01
2.690000000000009095e+01 1.445873928070068359e+01
2.700000000000000000e+01 1.443029594421386719e+01
2.709999999999990905e+01 1.440185260772705078e+01
2.720000000000004547e+01 1.437340831756591797e+01
2.729999999999995453e+01 1.434496498107910156e+01
2.740000000000009095e+01 1.431652164459228516e+01
2.750000000000000000e+01 1.428807735443115234e+01
2.759999999999990905e+01 1.425963401794433594e+01
2.770000000000004547e+01 1.423119068145751953e+01
2.779999999999995453e+01 1.420274734497070312e+01
2.790000000000009095e+01 1.417430305480957031e+01
2.800000000000000000e+01 1.414585971832275391e+01
2.809999999999990905e+01 1.411741638183593750e+01
2.820000000000004547e+01 1.408897304534912109e+01
2.829999999999995453e+01 1.406052875518798828e+01
2.840000000000009095e+01 1.403208541870117188e+01
2.850000000000000000e+01 1.400364208221435547e+01
2.859999999999990905e+01 1.397519874572753906e+01
2.870000000000004547e+01 1.394675445556640625e+01
2.879999999999995453e+01 1.391831111907958984e+01
2.890000000000009095e+01 1.388986778259277344e+01
2.900000000000000000e+01 1.386142349243164062e+01
2.909999999999990905e+01 1.383298015594482422e+01
2.920000000000004547e+01 1.380453681945800781e+01
2.929999999999995453e+01 1.377609348297119141e+01
2.940000000000009095e+01 1.374764919281005859e+01
2.950000000000000000e+01 1.371920585632324219e+01
2.959999999999990905e+01 1.369076251983642578e+01
2.970000000000004547e+01 1.366231918334960938e+01
2.979999999999995453e+01 1.363656616210937500e+01
2.990000000000009095e+01 1.361111259460449219e+01
3.000000000000000000e+01 1.358565807342529297e+01
3.009999999999990905e+01 1.356020450592041016e+01
3.020000000000004547e+01 1.353475093841552734e+01
3.029999999999995453e+01 1.350929737091064453e+01
3.040000000000009095e+01 1.348384380340576172e+01
3.050000000000000000e+01 1.345839023590087891e+01
3.059999999999990905e+01 1.343293571472167969e+01
3.070000000000004547e+01 1.340748214721679688e+01
3.079999999999995453e+01 1.338202857971191406e+01
3.090000000000009095e+01 1.335657501220703125e+01
3.100000000000000000e+01 1.333112144470214844e+01
3.109999999999990905e+01 1.330566692352294922e+01
3.120000000000004547e+01 1.328021335601806641e+01
3.129999999999995453e+01 1.325475978851318359e+01
3.140000000000009095e+01 1.322930622100830078e+01
3.150000000000000000e+01 1.320385265350341797e+01
3.159999999999990905e+01 1.317839908599853516e+01
3.170000000000004547e+01 1.315294456481933594e+01
3.179999999999995453e+01 1.312749099731445312e+01
3.190000000000009095e+01 1.310203742980957031e+01
3.200000000000000000e+01 1.307658386230468750e+01
3.209999999999990905e+01 1.305113029479980469e+01
3.220000000000004547e+01 1.302567577362060547e+01
3.229999999999995453e+01 1.300022220611572266e+01
3.240000000000009095e+01 1.297476863861083984e+01
3.250000000000000000e+01 1.294931507110595703e+01
3.259999999999990905e+01 1.292386150360107422e+01
3.270000000000004547e+01 1.289840793609619141e+01
3.279999999999995453e+01 1.287295341491699219e+01
3.290000000000009095e+01 1.284749984741210938e+01
3.300000000000000000e+01 1.282204627990722656e+01
3.309999999999990905e+01 1.279659271240234375e+01
3.320000000000004547e+01 1.277113914489746094e+01
3.329999999999995453e+01 1.274723720550537109e+01
3.340000000000009095e+01 1.272417068481445312e+01
3.350000000000000000e+01 1.270110511779785156e+01
3.359999999999990905e+01 1.267803859710693359e+01
3.370000000000004547e+01 1.265497303009033203e+01
3.379999999999995453e+01 1.263190650939941406e+01
3.390000000000009095e+01 1.260883998870849609e+01
3.400000000000000000e+01 1.258577442169189453e+01
3.409999999999990905e+01 1.256270790100097656e+01
3.420000000000004547e+01 1.253964233398437500e+01
3.429999999999995453e+01 1.251657581329345703e+01
3.440000000000009095e+01 1.249351024627685547e+01
3.450000000000000000e+01 1.247044372558593750e+01
3.459999999999990905e+01 1.244737720489501953e+01
3.470000000000004547e+01 1.242431163787841797e+01
3.479999999999995453e+01 1.240124511718750000e+01
3.490000000000009095e+01 1.237817955017089844e+01
3.500000000000000000e+01 1.235511302947998047e+01
3.509999999999990905e+01 1.233204746246337891e+01
3.520000000000004547e+01 1.230898094177246094e+01
3.529999999999995453e+01 1.228591442108154297e+01
3.540000000000009095e+01 1.226284885406494141e+01
3.550000000000000000e+01 1.223978233337402344e+01
3.559999999999990905e+01 1.221671676635742188e+01
3.570000000000004547e+01 1.219365024566650391e+01
3.579999999999995453e+01 1.217058372497558594e+01
3.590000000000009095e+01 1.214751815795898438e+01
3.600000000000000000e+01 1.212445163726806641e+01
3.609999999999990905e+01 1.210138607025146484e+01
3.620000000000004547e+01 1.207831954956054688e+01
3.629999999999995453e+01 1.205525398254394531e+01
3.640000000000009095e+01 1.203218746185302734e+01
3.650000000000000000e+01 1.200912094116210938e+01
3.659999999999990905e+01 1.198605537414550781e+01
3.670000000000004547e+01 1.196298885345458984e+01
3.679999999999995453e+01 1.194042682647705078e+01
3.690000000000009095e+01 1.191879940032958984e+01
3.700000000000000000e+01 1.189717292785644531e+01
3.709999999999990905e+01 1.187554550170898438e+01
3.720000000000004547e+01 1.185391902923583984e+01
3.729999999999995453e+01 1.183229160308837891e+01
3.740000000000009095e+01 1.181066513061523438e+01
3.750000000000000000e+01 1.178903770446777344e+01
3.759999999999990905e+01 1.176741027832031250e+01
3.770000000000004547e+01 1.174578380584716797e+01
3.779999999999995453e+01 1.172415637969970703e+01
3.790000000000009095e+01 1.170252990722656250e+01
3.800000000000000000e+01 1.168090248107910156e+01
3.809999999999990905e+01 1.165927600860595703e+01
3.820000000000004547e+01 1.163764858245849609e+01
3.829999999999995453e+01 1.161602210998535156e+01
3.840000000000009095e+01 1.159439468383789062e+01
3.850000000000000000e+01 1.157276725769042969e+01
3.859999999999990905e+01 1.155114078521728516e+01
3.870000000000004547e+01 1.152951335906982422e+01
3.879999999999995453e+01 1.150788688659667969e+01
3.890000000000009095e+01 1.148625946044921875e+01
3.900000000000000000e+01 1.146463298797607422e+01
3.909999999999990905e+01 1.144300556182861328e+01
3.920000000000004547e+01 1.142137813568115234e+01
3.929999999999995453e+01 1.139975166320800781e+01
3.940000000000009095e+01 1.137812423706054688e+01
3.950000000000000000e+01 1.135649776458740234e+01
3.959999999999990905e+01 1.133487033843994141e+01
3.970000000000004547e+01 1.131324386596679688e+01
3.979999999999995453e+01 1.129161643981933594e+01
3.990000000000009095e+01 1.126998996734619141e+01
4.000000000000000000e+01 1.124836254119873047e+01
4.009999999999990905e+01 1.122673511505126953e+01
4.020000000000004547e+01 1.120510864257812500e+01
4.029999999999995453e+01 1.118369007110595703e+01
4.040000000000009095e+01 1.116415119171142578e+01
4.050000000000000000e+01 1.114461326599121094e+01
4.059999999999990905e+01 1.112507438659667969e+01
4.070000000000004547e+01 1.110553550720214844e+01
4.079999999999995453e+01 1.108599662780761719e+01
4.090000000000009095e+01 1.106645774841308594e+01
4.100000000000000000e+01 1.104691886901855469e+01
4.109999999999990905e+01 1.102737998962402344e+01
4.120000000000004547e+01 1.100784111022949219e+01
4.129999999999995453e+01 1.098830318450927734e+01
4.140000000000009095e+01 1.096876430511474609e+01
4.150000000000000000e+01 1.094922542572021484e+01
4.159999999999990905e+01 1.092968654632568359e+01
4.170000000000004547e+01 1.091014766693115234e+01
4.179999999999995453e+01 1.089060878753662109e+01
4.190000000000009095e+01 1.087106990814208984e+01
4.200000000000000000e+01 1.085153102874755859e+01
4.209999999999990905e+01 1.083199310302734375e+01
4.220000000000004547e+01 1.081245422363281250e+01
4.229999999999995453e+01 1.079291534423828125e+01
4.240000000000009095e+01 1.077337646484375000e+01
4.250000000000000000e+01 1.075383758544921875e+01
4.259999999999990905e+01 1.073429870605468750e+01
4.270000000000004547e+01 1.071475982666015625e+01
4.279999999999995453e+01 1.069522094726562500e+01
4.290000000000009095e+01 1.067568302154541016e+01
4.300000000000000000e+01 1.065614414215087891e+01
4.309999999999990905e+01 1.063660526275634766e+01
4.320000000000004547e+01 1.061706638336181641e+01
4.329999999999995453e+01 1.059752750396728516e+01
4.340000000000009095e+01 1.057798862457275391e+01
4.350000000000000000e+01 1.055844974517822266e+01
4.359999999999990905e+01 1.053891086578369141e+01
4.370000000000004547e+01 1.051937294006347656e+01
4.379999999999995453e+01 1.049983406066894531e+01
4.390000000000009095e+01 1.048136043548583984e+01
4.400000000000000000e+01 1.046315288543701172e+01
4.409999999999990905e+01 1.044494533538818359e+01
4.420000000000004547e+01 1.042673778533935547e+01
4.429999999999995453e+01 1.040853023529052734e+01
4.440000000000009095e+01 1.039032363891601562e+01
4.450000000000000000e+01 1.037211608886718750e+01
4.459999999999990905e+01 1.035390853881835938e+01
4.470000000000004547e+01 1.033570098876953125e+01
4.479999999999995453e+01 1.031749343872070312e+01
4.490000000000009095e+01 1.029928588867187500e+01
4.500000000000000000e+01 1.028107929229736328e+01
4.509999999999990905e+01 1.026287174224853516e+01
4.520000000000004547e+01 1.024466419219970703e+01
4.529999999999995453e+01 1.022645664215087891e+01
4.540000000000009095e+01 1.020824909210205078e+01
4.550000000000000000e+01 1.019004249572753906e+01
4.559999999999990905e+01 1.017183494567871094e+01
4.570000000000004547e+01 1.015362739562988281e+01
4.579999999999995453e+01 1.013541984558105469e+01
4.590000000000009095e+01 1.011721229553222656e+01
4.600000000000000000e+01 1.009900474548339844e+01
4.609999999999990905e+01 1.008079814910888672e+01
4.620000000000004547e+01 1.006259059906005859e+01
4.629999999999995453e+01 1.004438304901123047e+01
4.640000000000009095e+01 1.002617549896240234e+01
4.650000000000000000e+01 1.000796794891357422e+01
4.659999999999990905e+01 9.989761352539062500e+00
4.670000000000004547e+01 9.971553802490234375e+00
4.679999999999995453e+01 9.953346252441406250e+00
4.690000000000009095e+01 9.935138702392578125e+00
4.700000000000000000e+01 9.916931152343750000e+00
4.709999999999990905e+01 9.898723602294921875e+00
4.720000000000004547e+01 9.880517005920410156e+00
4.729999999999995453e+01 9.862309455871582031e+00
4.740000000000009095e+01 9.844705581665039062e+00
4.750000000000000000e+01 9.827704429626464844e+00
4.759999999999990905e+01 9.810704231262207031e+00
4.770000000000004547e+01 9.793703079223632812e+00
4.779999999999995453e+01 9.776702880859375000e+00
4.790000000000009095e+01 9.759701728820800781e+00
4.800000000000000000e+01 9.742701530456542969e+00
4.809999999999990905e+01 9.725700378417968750e+00
4.820000000000004547e+01 9.708699226379394531e+00
4.829999999999995453e+01 9.691699028015136719e+00
4.840000000000009095e+01 9.674697875976562500e+00
4.850000000000000000e+01 9.657697677612304688e+00
4.859999999999990905e+01 9.640696525573730469e+00
4.870000000000004547e+01 9.623696327209472656e+00
4.879999999999995453e+01 9.606695175170898438e+00
4.890000000000009095e+01 9.589694976806640625e+00
4.900000000000000000e+01 9.572693824768066406e+00
4.909999999999990905e+01 9.555693626403808594e+00
4.920000000000004547e+01 9.538692474365234375e+00
4.929999999999995453e+01 9.521692276000976562e+00
4.940000000000009095e+01 9.504691123962402344e+00
4.950000000000000000e+01 9.487690925598144531e+00
4.959999999999990905e+01 9.470689773559570312e+00
4.970000000000004547e+01 9.453689575195312500e+00
4.979999999999995453e+01 9.436688423156738281e+00
4.990000000000009095e+01 9.419688224792480469e+00
5.000000000000000000e+01 9.402687072753906250e+00
5.009999999999990905e+01 9.385686874389648438e+00
5.020000000000004547e+01 9.368685722351074219e+00
5.029999999999995453e+01 9.351685523986816406e+00
5.040000000000009095e+01 9.334684371948242188e+00
5.050000000000000000e+01 9.317684173583984375e+00
5.059999999999990905e+01 9.300683021545410156e+00
5.070000000000004547e+01 9.283681869506835938e+00
5.079999999999995453e+01 9.266681671142578125e+00
5.090000000000009095e+01 9.249436378479003906e+00
5.100000000000000000e+01 9.229990959167480469e+00
5.109999999999990905e+01 9.210545539855957031e+00
5.120000000000004547e+01 9.191101074218750000e+00
5.129999999999995453e+01 9.171655654907226562e+00
5.140000000000009095e+01 9.152210235595703125e+00
5.150000000000000000e+01 9.132764816284179688e+00
5.159999999999990905e+01 9.113319396972656250e+00
5.170000000000004547e+01 9.093873977661132812e+00
5.179999999999995453e+01 9.074428558349609375e+00
5.190000000000009095e+01 9.054984092712402344e+00
5.200000000000000000e+01 9.035538673400878906e+00
5.209999999999990905e+01 9.016093254089355469e+00
5.220000000000004547e+01 8.996647834777832031e+00
5.229999999999995453e+01 8.977202415466308594e+00
5.240000000000009095e+01 8.957756996154785156e+00
5.250000000000000000e+01 8.938312530517578125e+00
5.259999999999990905e+01 8.918867111206054688e+00
5.270000000000004547e+01 8.899421691894531250e+00
5.279999999999995453e+01 8.879976272583007812e+00
5.290000000000009095e+01 8.860530853271484375e+00
5.300000000000000000e+01 8.841085433959960938e+00
5.309999999999990905e+01 8.821640968322753906e+00
5.320000000000004547e+01 8.802195549011230469e+00
5.329999999999995453e+01 8.782750129699707031e+00
5.340000000000009095e+01 8.763304710388183594e+00
5.350000000000000000e+01 8.743859291076660156e+00
5.359999999999990905e+01 8.724413871765136719e+00
5.370000000000004547e+01 8.704968452453613281e+00
5.379999999999995453e+01 8.685523986816406250e+00
5.390000000000009095e+01 8.666078567504882812e+00
5.400000000000000000e+01 8.646633148193359375e+00
5.409999999999990905e+01 8.627187728881835938e+00
5.420000000000004547e+01 8.607742309570312500e+00
5.429999999999995453e+01 8.588296890258789062e+00
5.440000000000009095e+01 8.568852424621582031e+00
5.450000000000000000e+01 8.497148513793945312e+00
5.459999999999990905e+01 8.416223526000976562e+00
5.470000000000004547e+01 8.335298538208007812e+00
5.479999999999995453e+01 8.254373550415039062e+00
5.490000000000009095e+01 8.173447608947753906e+00
5.500000000000000000e+01 8.092522621154785156e+00
5.509999999999990905e+01 8.011597633361816406e+00
5.520000000000004547e+01 7.930672168731689453e+00
5.529999999999995453e+01 7.849747180938720703e+00
5.540000000000009095e+01 7.768821716308593750e+00
5.550000000000000000e+01 7.687896728515625000e+00
5.559999999999990905e+01 7.606971263885498047e+00
5.570000000000004547e+01 7.526046276092529297e+00
5.579999999999995453e+01 7.445120811462402344e+00
5.590000000000009095e+01 7.364195823669433594e+00
5.600000000000000000e+01 7.283270359039306641e+00
5.609999999999990905e+01 7.202345371246337891e+00
5.620000000000004547e+01 7.121419906616210938e+00
5.629999999999995453e+01 7.040494918823242188e+00
5.640000000000009095e+01 6.959569454193115234e+00
5.650000000000000000e+01 6.878644466400146484e+00
5.659999999999990905e+01 6.797719001770019531e+00
5.670000000000004547e+01 6.716794013977050781e+00
5.679999999999995453e+01 6.635868549346923828e+00
5.690000000000009095e+01 6.554943561553955078e+00
5.700000000000000000e+01 6.474018096923828125e+00
5.709999999999990905e+01 6.393093109130859375e+00
5.720000000000004547e+01 6.312167644500732422e+00
5.729999999999995453e+01 6.231242656707763672e+00
5.740000000000009095e+01 6.150317192077636719e+00
5.750000000000000000e+01 6.069392204284667969e+00
5.759999999999990905e+01 5.988466739654541016e+00
5.770000000000004547e+01 5.907541751861572266e+00
5.779999999999995453e+01 5.826616287231445312e+00
5.790000000000009095e+01 5.745691299438476562e+00
5.800000000000000000e+01 5.664765834808349609e+00
5.809999999999990905e+01 5.583840847015380859e+00
5.820000000000004547e+01 5.502915382385253906e+00
5.829999999999995453e+01 5.421990394592285156e+00
5.840000000000009095e+01 5.341064929962158203e+00
5.850000000000000000e+01 5.260139942169189453e+00
5.859999999999990905e+01 5.179214477539062500e+00
5.870000000000004547e+01 5.098289489746093750e+00
5.879999999999995453e+01 5.017364025115966797e+00
5.890000000000009095e+01 4.936439037322998047e+00
5.900000000000000000e+01 4.855513572692871094e+00
5.909999999999990905e+01 4.774588584899902344e+00
5.920000000000004547e+01 4.693663120269775391e+00
5.929999999999995453e+01 4.612738132476806641e+00
5.940000000000009095e+01 4.531812667846679688e+00
5.950000000000000000e+01 4.450887680053710938e+00
5.959999999999990905e+01 4.369962215423583984e+00
5.970000000000004547e+01 4.289037227630615234e+00
5.979999999999995453e+01 4.208111763000488281e+00
5.990000000000009095e+01 4.127186775207519531e+00
6.000000000000000000e+01 4.046261310577392578e+00
6.009999999999990905e+01 3.965336084365844727e+00
6.020000000000004547e+01 3.884410858154296875e+00
6.029999999999995453e+01 3.803485631942749023e+00
6.040000000000009095e+01 3.722560405731201172e+00
6.050000000000000000e+01 3.641635179519653320e+00
6.059999999999990905e+01 3.560709953308105469e+00
6.070000000000004547e+01 3.479784727096557617e+00
6.079999999999995453e+01 3.398859500885009766e+00
6.090000000000009095e+01 3.317934274673461914e+00
6.100000000000000000e+01 3.237009048461914062e+00
6.109999999999990905e+01 3.156083822250366211e+00
6.120000000000004547e+01 3.075158596038818359e+00
6.129999999999995453e+01 2.994233369827270508e+00
6.140000000000009095e+01 2.913308143615722656e+00
6.150000000000000000e+01 2.832382917404174805e+00
6.159999999999990905e+01 2.751457691192626953e+00
6.170000000000004547e+01 2.670532464981079102e+00
6.179999999999995453e+01 2.589607238769531250e+00
6.190000000000009095e+01 2.508682012557983398e+00
6.200000000000000000e+01 2.427756786346435547e+00
6.209999999999990905e+01 2.346831560134887695e+00
6.220000000000004547e+01 2.265906333923339844e+00
6.229999999999995453e+01 2.184981107711791992e+00
6.240000000000009095e+01 2.104055881500244141e+00
6.250000000000000000e+01 2.023130655288696289e+00
6.259999999999990905e+01 1.942205429077148438e+00
6.270000000000004547e+01 1.861280202865600586e+00
6.279999999999995453e+01 1.780354976654052734e+00
6.290000000000009095e+01 1.699429750442504883e+00
6.300000000000000000e+01 1.618504524230957031e+00
6.309999999999990905e+01 1.537579298019409180e+00
6.320000000000004547e+01 1.456654071807861328e+00
6.329999999999995453e+01 1.375728845596313477e+00
6.340000000000009095e+01 1.294803619384765625e+00
6.350000000000000000e+01 1.213878393173217773e+00
6.359999999999990905e+01 1.132953166961669922e+00
6.370000000000004547e+01 1.052027940750122070e+00
6.379999999999995453e+01 9.711027145385742188e-01
6.390000000000009095e+01 8.901774883270263672e-01
6.400000000000000000e+01 8.092522621154785156e-01
6.409999999999990905e+01 7.283270359039306641e-01
6.420000000000004547e+01 6.474018096923828125e-01
6.429999999999995453e+01 5.664765834808349609e-01
6.440000000000009095e+01 4.855513572692871094e-01
6.450000000000000000e+01 4.046261310577392578e-01
6.459999999999990905e+01 3.237009048461914062e-01
6.470000000000004547e+01 2.427756786346435547e-01
6.479999999999995453e+01 1.618504524230957031e-01
6.490000000000009095e+01 8.092522621154785156e-02
6.500000000000000000e+01 0.000000000000000000e+00
